	scaffoldsTV46	scaffolds13110	scaffolds130651	scaffolds10102	scaffolds101A	scaffoldsAR01802	scaffolds13216	scaffoldsTV28	scaffoldsTV2	scaffolds5A20	scaffolds131098	scaffolds12801	scaffoldsAR991107	scaffolds5D62	scaffolds10109	scaffolds5A1	scaffoldsTV147	scaffolds106A	scaffolds13108	scaffoldsIV12	scaffolds5A7	scaffoldsAR00128	scaffolds134VP	scaffolds13872	scaffoldsIV30	scaffoldsTV7	scaffoldsTV29	scaffolds13435	scaffoldsAR9984	scaffoldsTV163	scaffolds10650	scaffolds117A	scaffolds13213	scaffoldsTV135	scaffolds131096	scaffoldsTV3	scaffoldsARL04446	E_faecalis_reference_sequence	scaffolds10641	scaffoldsEF13431	scaffoldsVV10	scaffoldsAR011155	scaffolds13985	scaffoldsTV154	scaffolds10104	scaffolds10217	scaffolds13988	scaffolds13107	scaffoldsTV5	scaffolds13217	scaffolds13433	scaffolds5A6	scaffolds12327	scaffolds5A16	scaffoldsTV105	scaffolds13986	scaffoldsTV70	scaffolds5A19	scaffoldsEF13212	scaffoldsTV19	scaffolds10646	scaffolds121VP	scaffolds132VP	scaffolds5A8	scaffolds131VP	scaffolds5A12	scaffoldsARL09542	scaffolds5A15	scaffoldsAR0036	scaffoldsAR96360	scaffoldsTV33	scaffoldsAR991024	scaffolds13105	scaffolds13219	scaffolds113A	scaffolds13761	scaffoldsTV112	scaffolds5A5	scaffoldsTV30	scaffolds13432	scaffolds12768	scaffolds10212	scaffoldsIV23	scaffoldsTV103	scaffoldsVV9	scaffoldsTV148	scaffoldsTV13	scaffoldsTV102	scaffolds10105	scaffoldsTV106	scaffoldsAR01912	scaffoldsAR01215	scaffoldsVV5	scaffolds13106	scaffolds120320	scaffoldsTV126	scaffolds5A9	scaffoldsTV9	scaffoldsTV32	scaffoldsIV22	scaffolds5A4	scaffoldsAR01673	scaffoldsTV121	scaffolds5A2	scaffoldsAR99190	scaffoldsVV14	scaffoldsIV18	scaffolds13109	scaffolds5A18	scaffoldsVV15	scaffoldsVV8	scaffolds10101	scaffolds13545	scaffolds5A13
scaffoldsTV46	0.0	2287.0	2279.0	3509.0	3659.0	2507.0	2368.0	4179.0	2691.0	2183.0	1717.0	2530.0	2093.0	3239.0	3675.0	3470.0	34434.0	3339.0	2715.0	4651.0	3330.0	5039.0	2224.0	2833.0	3570.0	4853.0	3046.0	2380.0	3438.0	3015.0	3575.0	1946.0	2207.0	29296.0	2562.0	2692.0	31550.0	29008.0	3149.0	2074.0	3742.0	3373.0	2082.0	2110.0	3722.0	3555.0	2144.0	2411.0	3217.0	2129.0	2179.0	2596.0	2664.0	2581.0	3581.0	2294.0	2361.0	3144.0	3677.0	3547.0	3496.0	2493.0	2287.0	3289.0	1435.0	1334.0	201101.0	3026.0	4674.0	2563.0	2924.0	3633.0	2529.0	2999.0	2339.0	1447.0	30787.0	3027.0	3335.0	1979.0	1755.0	3784.0	6159.0	28886.0	3267.0	34486.0	3000.0	3815.0	3173.0	29543.0	3889.0	31039.0	3643.0	1899.0	1707.0	30832.0	3274.0	2615.0	2312.0	3498.0	2594.0	3392.0	29070.0	3015.0	3928.0	3444.0	6303.0	3584.0	3010.0	202092.0	3259.0	3273.0	3685.0	2567.0
scaffolds13110	1452.0	0.0	305.0	1127.0	1157.0	1951.0	351.0	1132.0	253.0	432.0	305.0	1804.0	1298.0	2111.0	1131.0	1783.0	31660.0	1286.0	1178.0	1823.0	1778.0	1410.0	269.0	975.0	2304.0	2214.0	542.0	306.0	1191.0	1699.0	1206.0	355.0	257.0	28726.0	370.0	922.0	31267.0	27978.0	1111.0	367.0	2150.0	1143.0	270.0	914.0	1161.0	1131.0	402.0	332.0	665.0	294.0	420.0	1585.0	1240.0	1609.0	1764.0	324.0	1571.0	1790.0	1173.0	233.0	1165.0	1834.0	331.0	1780.0	93.0	225.0	202164.0	1713.0	3357.0	1787.0	266.0	1136.0	389.0	1026.0	382.0	124.0	30843.0	1736.0	1374.0	225.0	1182.0	1194.0	2220.0	28997.0	2439.0	31651.0	852.0	1174.0	1291.0	29387.0	2389.0	30037.0	2175.0	256.0	1121.0	30724.0	1809.0	469.0	436.0	2200.0	1593.0	420.0	28752.0	1756.0	2079.0	2307.0	1593.0	1094.0	1758.0	203049.0	2567.0	1094.0	1125.0	1565.0
scaffolds130651	1154.0	310.0	0.0	1223.0	1330.0	1603.0	449.0	1148.0	275.0	439.0	388.0	1654.0	1944.0	1415.0	1310.0	1496.0	31904.0	1294.0	1142.0	1292.0	1638.0	1577.0	498.0	1013.0	2453.0	1943.0	581.0	411.0	1208.0	1432.0	1290.0	411.0	333.0	28857.0	386.0	683.0	31227.0	27987.0	1276.0	411.0	2675.0	1306.0	347.0	632.0	1330.0	1299.0	390.0	433.0	705.0	368.0	413.0	1436.0	1291.0	1431.0	1562.0	448.0	1363.0	1475.0	1267.0	424.0	1345.0	1575.0	418.0	1575.0	185.0	224.0	203550.0	1504.0	2968.0	1512.0	259.0	1301.0	484.0	1122.0	457.0	214.0	31092.0	1533.0	1440.0	317.0	1099.0	1366.0	2054.0	29038.0	2439.0	31815.0	916.0	1318.0	1151.0	29461.0	2884.0	30456.0	2111.0	304.0	1093.0	31031.0	1580.0	497.0	505.0	2247.0	1283.0	418.0	28844.0	1369.0	2200.0	2369.0	1759.0	1231.0	1429.0	201473.0	2599.0	1179.0	1279.0	1285.0
scaffolds10102	1511.0	368.0	427.0	0.0	466.0	1950.0	534.0	1354.0	335.0	532.0	430.0	1979.0	1102.0	1002.0	445.0	1044.0	28993.0	543.0	1149.0	1076.0	1116.0	746.0	464.0	263.0	2565.0	2561.0	686.0	467.0	496.0	1720.0	412.0	518.0	388.0	28499.0	514.0	1026.0	29588.0	28059.0	351.0	458.0	1964.0	477.0	372.0	1041.0	460.0	407.0	577.0	512.0	818.0	389.0	580.0	850.0	1427.0	830.0	1006.0	514.0	1617.0	1015.0	484.0	266.0	426.0	1094.0	493.0	1068.0	208.0	300.0	200196.0	1070.0	1599.0	1960.0	467.0	490.0	503.0	346.0	521.0	259.0	29704.0	1070.0	1593.0	319.0	1277.0	514.0	1099.0	28655.0	2609.0	29048.0	1068.0	498.0	315.0	29295.0	2141.0	28511.0	2348.0	360.0	1160.0	29694.0	1113.0	507.0	584.0	2427.0	809.0	472.0	28487.0	975.0	1390.0	2503.0	948.0	456.0	1021.0	199406.0	2663.0	364.0	465.0	843.0
scaffolds101A	1595.0	265.0	296.0	309.0	0.0	1803.0	323.0	1149.0	286.0	412.0	195.0	1823.0	1069.0	968.0	219.0	939.0	28778.0	410.0	1003.0	920.0	933.0	599.0	208.0	178.0	2348.0	2346.0	660.0	305.0	462.0	1537.0	318.0	386.0	302.0	28057.0	404.0	1024.0	29574.0	27675.0	149.0	244.0	1937.0	324.0	181.0	856.0	301.0	314.0	387.0	372.0	774.0	322.0	422.0	833.0	1302.0	831.0	859.0	317.0	1381.0	919.0	330.0	325.0	243.0	1066.0	379.0	922.0	226.0	281.0	198400.0	843.0	1491.0	1760.0	273.0	376.0	336.0	183.0	464.0	198.0	29687.0	896.0	1667.0	253.0	1246.0	316.0	1068.0	28181.0	2272.0	28857.0	753.0	308.0	170.0	29260.0	2040.0	28857.0	2391.0	255.0	1176.0	29735.0	951.0	390.0	268.0	2227.0	795.0	392.0	28106.0	1011.0	1264.0	2309.0	771.0	391.0	853.0	196178.0	2375.0	213.0	355.0	802.0
scaffoldsAR01802	818.0	1162.0	1186.0	2075.0	2154.0	0.0	1244.0	2064.0	954.0	1134.0	1209.0	1628.0	1759.0	2099.0	2270.0	2108.0	32025.0	2260.0	1176.0	2265.0	2190.0	2401.0	1248.0	1911.0	2845.0	2683.0	1749.0	1218.0	2008.0	1113.0	2212.0	1327.0	1170.0	27959.0	1323.0	828.0	30023.0	28281.0	2177.0	1249.0	2791.0	2262.0	1191.0	1167.0	2223.0	2165.0	1345.0	1260.0	897.0	981.0	1392.0	1740.0	1592.0	1741.0	2316.0	1253.0	1276.0	2037.0	2130.0	838.0	2159.0	1786.0	1224.0	2129.0	861.0	816.0	199905.0	2088.0	4061.0	1484.0	589.0	2062.0	1318.0	2092.0	1224.0	892.0	30057.0	2042.0	2120.0	1270.0	1414.0	2186.0	2734.0	28307.0	2743.0	32144.0	1362.0	2329.0	2025.0	28835.0	2856.0	30414.0	2937.0	1128.0	1285.0	30007.0	2091.0	700.0	1273.0	2648.0	1738.0	982.0	27923.0	2012.0	2649.0	2801.0	2187.0	2073.0	2017.0	200257.0	2327.0	2057.0	2179.0	1711.0
scaffolds13216	1110.0	173.0	222.0	1510.0	1491.0	1475.0	0.0	879.0	220.0	352.0	174.0	1385.0	1541.0	1710.0	1472.0	1803.0	31881.0	1500.0	989.0	1871.0	1777.0	1739.0	105.0	1395.0	2115.0	1663.0	246.0	111.0	1550.0	1333.0	1542.0	113.0	111.0	28554.0	250.0	634.0	30844.0	28005.0	1429.0	147.0	2408.0	1504.0	109.0	485.0	1467.0	1548.0	150.0	191.0	611.0	152.0	128.0	1753.0	1180.0	1757.0	1805.0	183.0	1120.0	1785.0	1450.0	202.0	1447.0	1941.0	222.0	1798.0	120.0	261.0	201989.0	1783.0	3082.0	1346.0	218.0	1493.0	176.0	1410.0	289.0	80.0	30470.0	1765.0	1346.0	161.0	1101.0	1527.0	2894.0	28602.0	2131.0	31885.0	698.0	1481.0	1436.0	29198.0	2501.0	30576.0	2096.0	154.0	1146.0	30528.0	1866.0	296.0	249.0	1984.0	1755.0	297.0	28635.0	1803.0	2441.0	2114.0	1987.0	1506.0	1762.0	200529.0	2301.0	1448.0	1464.0	1757.0
scaffoldsTV28	3448.0	619.0	696.0	1657.0	2001.0	2257.0	899.0	0.0	192.0	722.0	451.0	2119.0	1481.0	2010.0	1757.0	2126.0	33281.0	1585.0	1503.0	3554.0	2144.0	1691.0	796.0	1155.0	2615.0	2118.0	1484.0	843.0	1618.0	3468.0	1645.0	613.0	789.0	29443.0	1164.0	924.0	31759.0	29102.0	1235.0	705.0	3003.0	1514.0	662.0	2703.0	1770.0	1604.0	855.0	878.0	1191.0	653.0	869.0	1643.0	1739.0	1592.0	2149.0	891.0	2053.0	2063.0	1688.0	755.0	1685.0	1894.0	948.0	2065.0	171.0	217.0	198711.0	2069.0	4235.0	2132.0	686.0	1949.0	871.0	1256.0	868.0	279.0	30579.0	1963.0	2893.0	523.0	1259.0	1782.0	4745.0	29380.0	2923.0	33396.0	1171.0	1867.0	1336.0	31696.0	2776.0	30980.0	3113.0	512.0	1104.0	30644.0	2077.0	1238.0	2196.0	2443.0	1612.0	665.0	29177.0	1824.0	2431.0	2553.0	4559.0	1615.0	1908.0	200474.0	2867.0	1515.0	1676.0	1623.0
scaffoldsTV2	2560.0	234.0	327.0	1067.0	1177.0	1860.0	292.0	610.0	0.0	317.0	374.0	1745.0	1846.0	1588.0	1195.0	1712.0	33315.0	1259.0	1135.0	3690.0	1711.0	1343.0	343.0	1080.0	2099.0	1977.0	1001.0	282.0	1115.0	2805.0	1137.0	412.0	244.0	28467.0	371.0	932.0	31174.0	29139.0	1134.0	338.0	2720.0	1170.0	279.0	1919.0	1144.0	1139.0	449.0	303.0	770.0	227.0	445.0	1707.0	1160.0	1665.0	1808.0	655.0	1496.0	1695.0	1155.0	180.0	1157.0	1862.0	311.0	1704.0	215.0	334.0	198208.0	1745.0	4004.0	1720.0	186.0	1089.0	312.0	1077.0	325.0	262.0	30707.0	1695.0	2514.0	259.0	1283.0	1201.0	4286.0	28589.0	2143.0	33332.0	631.0	1234.0	1443.0	31021.0	2710.0	30373.0	2631.0	242.0	1161.0	30789.0	1819.0	737.0	1494.0	2123.0	1665.0	185.0	28570.0	1712.0	2018.0	2194.0	3831.0	1088.0	1706.0	201779.0	2295.0	1089.0	1160.0	1686.0
scaffolds5A20	1596.0	435.0	427.0	1697.0	1780.0	1685.0	550.0	1187.0	274.0	0.0	428.0	1891.0	1708.0	2068.0	1797.0	2199.0	31805.0	1784.0	979.0	4509.0	2260.0	1967.0	512.0	1577.0	2525.0	2313.0	477.0	507.0	1640.0	4520.0	1769.0	441.0	423.0	31019.0	508.0	1007.0	30737.0	27554.0	1756.0	457.0	2540.0	1747.0	421.0	940.0	1778.0	1771.0	508.0	524.0	618.0	427.0	501.0	2031.0	1321.0	2008.0	2446.0	521.0	1613.0	2185.0	1766.0	307.0	1798.0	2316.0	522.0	2175.0	309.0	139.0	198353.0	2118.0	3489.0	1864.0	308.0	1624.0	579.0	1675.0	512.0	321.0	30623.0	2136.0	1469.0	367.0	1102.0	1829.0	2915.0	31052.0	2510.0	31813.0	841.0	1842.0	1635.0	29058.0	2731.0	30482.0	2700.0	422.0	1125.0	30680.0	2246.0	471.0	617.0	2297.0	2015.0	400.0	30999.0	2047.0	2578.0	2491.0	2096.0	1757.0	2155.0	202641.0	2109.0	1653.0	1757.0	2003.0
scaffolds131098	1096.0	158.0	150.0	991.0	986.0	1426.0	134.0	644.0	214.0	255.0	0.0	1360.0	1393.0	1556.0	976.0	1264.0	31633.0	1100.0	1005.0	1700.0	1261.0	1272.0	141.0	968.0	2175.0	1622.0	292.0	116.0	982.0	1310.0	1034.0	270.0	172.0	28599.0	117.0	614.0	31196.0	28368.0	948.0	64.0	2284.0	1062.0	113.0	466.0	951.0	1084.0	306.0	164.0	690.0	167.0	266.0	1239.0	1113.0	1208.0	1240.0	105.0	1098.0	1220.0	985.0	178.0	992.0	1432.0	180.0	1221.0	171.0	201.0	201603.0	1242.0	3505.0	1325.0	210.0	1009.0	158.0	967.0	245.0	149.0	30099.0	1239.0	1395.0	145.0	1211.0	1013.0	2196.0	28783.0	2186.0	31608.0	622.0	974.0	995.0	29012.0	2276.0	30140.0	2240.0	164.0	1056.0	30098.0	1343.0	202.0	203.0	2122.0	1190.0	219.0	28675.0	1323.0	1906.0	2207.0	1526.0	1003.0	1250.0	199902.0	2390.0	1012.0	970.0	1214.0
scaffolds12801	1728.0	1664.0	1842.0	2712.0	2745.0	2704.0	1691.0	2507.0	1699.0	1704.0	1662.0	0.0	1674.0	2871.0	2606.0	2691.0	32009.0	2761.0	2514.0	2553.0	2594.0	2825.0	1698.0	2498.0	2063.0	3386.0	1715.0	1717.0	2588.0	2643.0	2569.0	1663.0	1648.0	29155.0	1888.0	1693.0	30540.0	28375.0	2682.0	1852.0	1557.0	2570.0	1795.0	1709.0	2565.0	2763.0	1878.0	1717.0	1928.0	1673.0	1741.0	2395.0	323.0	2367.0	2737.0	1706.0	1764.0	2510.0	2527.0	1742.0	2749.0	2544.0	1847.0	2470.0	1552.0	1547.0	195684.0	2474.0	4864.0	2374.0	1595.0	2523.0	1745.0	2555.0	1910.0	1519.0	31037.0	2629.0	3089.0	1709.0	223.0	2644.0	2187.0	29203.0	1987.0	32105.0	2095.0	2577.0	2620.0	28737.0	1899.0	31631.0	2153.0	1795.0	146.0	31160.0	2572.0	1711.0	1783.0	1717.0	2491.0	1884.0	29187.0	2416.0	1960.0	1825.0	2946.0	2696.0	2629.0	200578.0	2172.0	2649.0	2550.0	2351.0
scaffoldsAR991107	1043.0	969.0	996.0	871.0	967.0	1939.0	1048.0	980.0	956.0	1004.0	1027.0	765.0	0.0	869.0	1010.0	865.0	27218.0	988.0	2100.0	1071.0	972.0	1017.0	1141.0	886.0	452.0	1450.0	1047.0	1011.0	864.0	1935.0	1049.0	1105.0	996.0	28946.0	1009.0	1052.0	28057.0	27458.0	938.0	1015.0	419.0	952.0	1008.0	972.0	953.0	967.0	1123.0	1041.0	1461.0	992.0	1110.0	883.0	650.0	936.0	963.0	1044.0	1059.0	853.0	960.0	950.0	963.0	1031.0	1039.0	885.0	1011.0	1030.0	201554.0	923.0	1495.0	1013.0	974.0	914.0	1061.0	931.0	1131.0	1051.0	28124.0	876.0	1445.0	1006.0	704.0	1003.0	1051.0	29012.0	721.0	27192.0	1429.0	970.0	900.0	26836.0	247.0	29043.0	681.0	982.0	769.0	28185.0	949.0	1001.0	1146.0	411.0	838.0	1619.0	29024.0	949.0	1051.0	702.0	1406.0	907.0	859.0	199405.0	1133.0	920.0	943.0	867.0
scaffolds5D62	787.0	637.0	621.0	695.0	868.0	1158.0	743.0	1282.0	379.0	583.0	503.0	1621.0	1412.0	0.0	860.0	599.0	28696.0	829.0	1403.0	988.0	670.0	1006.0	828.0	487.0	2666.0	2033.0	593.0	701.0	656.0	1202.0	778.0	688.0	635.0	28091.0	669.0	321.0	29321.0	28167.0	681.0	630.0	2180.0	745.0	601.0	496.0	806.0	802.0	845.0	746.0	880.0	460.0	852.0	379.0	1470.0	415.0	678.0	696.0	904.0	568.0	813.0	413.0	860.0	462.0	716.0	678.0	408.0	314.0	206518.0	595.0	1593.0	1319.0	379.0	603.0	742.0	470.0	705.0	472.0	29316.0	614.0	1740.0	444.0	1334.0	895.0	1393.0	28274.0	2739.0	28652.0	984.0	790.0	594.0	28574.0	2426.0	29451.0	2769.0	527.0	1189.0	29109.0	661.0	584.0	698.0	2503.0	345.0	415.0	28078.0	458.0	1586.0	2574.0	1120.0	744.0	504.0	203774.0	2730.0	664.0	834.0	350.0
scaffolds10109	1102.0	349.0	424.0	340.0	268.0	1561.0	354.0	1253.0	353.0	506.0	221.0	1556.0	1058.0	742.0	0.0	686.0	28937.0	540.0	1038.0	1008.0	631.0	621.0	234.0	205.0	2485.0	2097.0	628.0	310.0	417.0	1261.0	424.0	362.0	375.0	28358.0	412.0	677.0	29775.0	27540.0	217.0	311.0	1920.0	364.0	236.0	603.0	333.0	427.0	461.0	394.0	771.0	399.0	486.0	449.0	1340.0	484.0	556.0	362.0	1050.0	656.0	343.0	408.0	267.0	661.0	387.0	657.0	210.0	268.0	198928.0	599.0	1586.0	1489.0	358.0	425.0	386.0	295.0	489.0	145.0	29443.0	636.0	1623.0	285.0	1232.0	342.0	1044.0	28519.0	2460.0	28979.0	963.0	359.0	502.0	28889.0	2121.0	28832.0	2333.0	334.0	1159.0	29445.0	677.0	535.0	374.0	2289.0	491.0	524.0	28370.0	644.0	1344.0	2417.0	839.0	455.0	610.0	197477.0	2526.0	244.0	369.0	451.0
scaffolds5A1	893.0	376.0	325.0	347.0	470.0	972.0	444.0	902.0	358.0	329.0	419.0	1366.0	1263.0	258.0	548.0	0.0	28419.0	546.0	1070.0	924.0	450.0	694.0	596.0	313.0	2393.0	1755.0	362.0	441.0	292.0	1014.0	477.0	515.0	358.0	27990.0	428.0	299.0	28899.0	28298.0	452.0	413.0	2048.0	477.0	420.0	315.0	507.0	421.0	543.0	497.0	775.0	375.0	567.0	337.0	1211.0	312.0	470.0	497.0	980.0	261.0	462.0	326.0	467.0	353.0	466.0	463.0	338.0	233.0	207398.0	350.0	1493.0	1043.0	297.0	325.0	538.0	314.0	455.0	401.0	29215.0	333.0	1662.0	404.0	1233.0	535.0	1203.0	28226.0	2323.0	28364.0	800.0	449.0	353.0	28230.0	2078.0	29103.0	2938.0	369.0	1170.0	29157.0	412.0	372.0	453.0	2325.0	213.0	352.0	28083.0	359.0	1285.0	2375.0	852.0	398.0	219.0	203636.0	2387.0	352.0	448.0	206.0
scaffoldsTV147	32321.0	30589.0	30618.0	27287.0	27345.0	31440.0	30616.0	31746.0	31638.0	30590.0	30536.0	30225.0	27116.0	27551.0	27304.0	27473.0	0.0	27426.0	31068.0	28500.0	27492.0	28410.0	30623.0	27227.0	30239.0	32230.0	31209.0	30652.0	27250.0	32673.0	27264.0	30638.0	30649.0	14584.0	30674.0	31942.0	35495.0	29606.0	27287.0	30622.0	27479.0	27243.0	30561.0	32262.0	27333.0	27327.0	30649.0	30657.0	32282.0	30598.0	30689.0	27351.0	29970.0	27363.0	27654.0	30613.0	31973.0	27535.0	27304.0	31711.0	27347.0	27457.0	30638.0	27502.0	30514.0	30429.0	202915.0	27466.0	31815.0	30743.0	31869.0	27301.0	30681.0	27240.0	30598.0	30500.0	32800.0	27398.0	32147.0	30593.0	29903.0	27285.0	29507.0	14683.0	29891.0	633.0	32210.0	27487.0	27264.0	3287.0	27641.0	32966.0	29916.0	30338.0	29902.0	32847.0	27497.0	31017.0	32055.0	30308.0	27394.0	31703.0	14688.0	27465.0	26807.0	30145.0	30255.0	27310.0	27395.0	200894.0	30066.0	27269.0	27358.0	27378.0
scaffolds106A	1080.0	243.0	267.0	180.0	229.0	1430.0	330.0	890.0	245.0	381.0	238.0	1440.0	1000.0	522.0	298.0	589.0	28881.0	0.0	1015.0	940.0	585.0	576.0	310.0	161.0	2324.0	1957.0	513.0	298.0	294.0	1252.0	221.0	244.0	261.0	27924.0	324.0	593.0	29074.0	27459.0	207.0	270.0	1891.0	301.0	257.0	562.0	249.0	249.0	323.0	297.0	634.0	208.0	314.0	447.0	1204.0	425.0	488.0	269.0	1183.0	513.0	301.0	191.0	254.0	680.0	287.0	536.0	135.0	248.0	197571.0	521.0	1437.0	1422.0	280.0	299.0	328.0	201.0	326.0	201.0	29372.0	528.0	1586.0	170.0	1090.0	287.0	1073.0	27986.0	2331.0	28937.0	776.0	359.0	180.0	28772.0	1945.0	29133.0	2170.0	221.0	1109.0	29348.0	647.0	326.0	325.0	2229.0	422.0	269.0	27981.0	440.0	1246.0	2301.0	808.0	226.0	546.0	199056.0	2443.0	215.0	317.0	450.0
scaffolds13108	1503.0	241.0	266.0	1083.0	1133.0	1035.0	260.0	988.0	218.0	340.0	309.0	1818.0	1527.0	2019.0	1143.0	1722.0	31673.0	1148.0	0.0	1987.0	1766.0	1430.0	271.0	1027.0	2543.0	2399.0	334.0	256.0	1104.0	946.0	1166.0	302.0	235.0	27794.0	290.0	992.0	30380.0	28067.0	1127.0	304.0	2323.0	1138.0	275.0	906.0	1113.0	1158.0	274.0	283.0	250.0	252.0	262.0	1615.0	1224.0	1624.0	1744.0	319.0	1450.0	1739.0	1098.0	197.0	1129.0	1785.0	258.0	1776.0	166.0	229.0	204511.0	1754.0	3500.0	1802.0	303.0	1100.0	305.0	1069.0	362.0	146.0	30623.0	1743.0	1597.0	272.0	1132.0	1165.0	2256.0	27978.0	2633.0	31548.0	370.0	1123.0	1088.0	29230.0	2451.0	30187.0	2372.0	272.0	1119.0	30686.0	1799.0	267.0	394.0	2449.0	1596.0	330.0	27919.0	1590.0	2023.0	2558.0	1208.0	1117.0	1692.0	198887.0	2183.0	1084.0	1078.0	1575.0
scaffoldsIV12	3473.0	980.0	846.0	539.0	627.0	2187.0	992.0	2957.0	2581.0	2462.0	941.0	1663.0	563.0	1283.0	673.0	1170.0	29503.0	667.0	1537.0	0.0	1343.0	2509.0	1004.0	465.0	1366.0	3377.0	1218.0	953.0	513.0	6941.0	782.0	952.0	924.0	31020.0	916.0	3413.0	27753.0	29018.0	503.0	845.0	973.0	878.0	828.0	3678.0	813.0	647.0	915.0	943.0	3766.0	997.0	1004.0	1039.0	1140.0	1029.0	1176.0	1017.0	3402.0	1275.0	730.0	2696.0	611.0	1310.0	960.0	1176.0	784.0	3293.0	198125.0	1214.0	2987.0	1673.0	3485.0	743.0	976.0	569.0	905.0	724.0	27931.0	1120.0	2944.0	1013.0	845.0	752.0	787.0	31145.0	1256.0	29505.0	3961.0	742.0	614.0	29605.0	840.0	28605.0	1134.0	830.0	902.0	27873.0	1420.0	1010.0	3101.0	1268.0	882.0	3366.0	30925.0	1145.0	862.0	1549.0	6353.0	569.0	1089.0	198997.0	1504.0	538.0	730.0	1010.0
scaffolds5A7	1053.0	264.0	284.0	277.0	330.0	1137.0	285.0	761.0	253.0	278.0	272.0	1128.0	1036.0	210.0	384.0	200.0	27857.0	293.0	1157.0	799.0	0.0	426.0	246.0	245.0	2242.0	1546.0	327.0	287.0	234.0	1188.0	264.0	291.0	295.0	28255.0	294.0	232.0	29588.0	27635.0	273.0	264.0	1945.0	300.0	279.0	281.0	308.0	349.0	325.0	307.0	658.0	261.0	323.0	192.0	1155.0	165.0	412.0	284.0	1118.0	188.0	320.0	196.0	316.0	247.0	273.0	255.0	265.0	221.0	204868.0	116.0	1334.0	955.0	283.0	236.0	331.0	259.0	344.0	287.0	29362.0	191.0	1517.0	274.0	1070.0	351.0	1051.0	28367.0	2214.0	27913.0	702.0	431.0	273.0	27796.0	1925.0	29027.0	2668.0	273.0	1059.0	29434.0	319.0	263.0	422.0	2214.0	152.0	266.0	28336.0	203.0	1149.0	2266.0	735.0	277.0	211.0	202166.0	2374.0	318.0	304.0	194.0
scaffoldsAR00128	2811.0	404.0	465.0	429.0	426.0	1725.0	390.0	695.0	245.0	480.0	353.0	1886.0	686.0	1003.0	470.0	1004.0	29039.0	502.0	979.0	2459.0	975.0	0.0	331.0	319.0	2139.0	2015.0	1091.0	376.0	387.0	2925.0	461.0	371.0	408.0	28438.0	420.0	1001.0	29394.0	28672.0	382.0	416.0	1488.0	438.0	314.0	2298.0	422.0	490.0	434.0	410.0	450.0	425.0	406.0	806.0	1295.0	818.0	1005.0	423.0	1474.0	1006.0	386.0	352.0	391.0	1019.0	482.0	1079.0	253.0	242.0	202127.0	893.0	2364.0	1881.0	302.0	381.0	460.0	462.0	531.0	171.0	29812.0	953.0	2446.0	409.0	1011.0	463.0	2870.0	28652.0	2162.0	29322.0	696.0	435.0	407.0	29713.0	1750.0	29726.0	2277.0	434.0	1058.0	29877.0	1032.0	966.0	1816.0	1938.0	774.0	432.0	28478.0	858.0	1313.0	2020.0	3167.0	473.0	940.0	199383.0	2467.0	409.0	401.0	761.0
scaffolds134VP	1439.0	108.0	181.0	971.0	979.0	1817.0	138.0	791.0	220.0	309.0	177.0	1701.0	1297.0	1989.0	965.0	1660.0	31622.0	1146.0	1015.0	1713.0	1712.0	1297.0	0.0	899.0	2118.0	1987.0	336.0	101.0	1049.0	1605.0	1063.0	278.0	114.0	28635.0	239.0	952.0	30938.0	28109.0	978.0	205.0	2153.0	1074.0	129.0	822.0	1007.0	1027.0	299.0	194.0	686.0	153.0	268.0	1599.0	1141.0	1619.0	1646.0	165.0	1461.0	1654.0	976.0	241.0	982.0	1826.0	203.0	1652.0	130.0	216.0	202832.0	1667.0	3246.0	1666.0	185.0	991.0	205.0	963.0	271.0	119.0	30629.0	1661.0	1353.0	160.0	1185.0	998.0	2180.0	28869.0	2173.0	31644.0	689.0	980.0	987.0	29261.0	2235.0	30291.0	2182.0	161.0	1116.0	30676.0	1738.0	291.0	262.0	2015.0	1603.0	242.0	28751.0	1693.0	1944.0	2106.0	1510.0	995.0	1640.0	199970.0	2315.0	980.0	970.0	1569.0
scaffolds13872	1448.0	92.0	100.0	122.0	220.0	1763.0	189.0	684.0	219.0	203.0	229.0	1763.0	1113.0	754.0	219.0	727.0	28829.0	178.0	1000.0	806.0	938.0	486.0	277.0	0.0	2191.0	2163.0	282.0	165.0	155.0	1619.0	181.0	206.0	89.0	28439.0	187.0	1001.0	29330.0	27804.0	235.0	204.0	1870.0	211.0	176.0	766.0	228.0	178.0	190.0	215.0	595.0	111.0	166.0	869.0	1080.0	824.0	831.0	215.0	1516.0	765.0	168.0	195.0	223.0	1033.0	193.0	856.0	118.0	187.0	205096.0	831.0	1316.0	1638.0	181.0	129.0	248.0	90.0	207.0	170.0	30246.0	829.0	1603.0	144.0	1039.0	261.0	1033.0	28640.0	2127.0	28654.0	628.0	224.0	114.0	29161.0	1857.0	29273.0	2102.0	117.0	1093.0	30173.0	911.0	278.0	331.0	2119.0	720.0	220.0	28548.0	784.0	1087.0	2183.0	669.0	137.0	728.0	200739.0	2231.0	130.0	174.0	711.0
scaffoldsIV30	3570.0	2926.0	2909.0	3746.0	3875.0	3547.0	3108.0	2756.0	2642.0	3170.0	2877.0	2325.0	1739.0	4303.0	3995.0	3873.0	32146.0	3664.0	3363.0	3287.0	3956.0	3906.0	2986.0	3470.0	0.0	3261.0	3131.0	2961.0	3712.0	3592.0	3947.0	2990.0	2924.0	29526.0	2949.0	2899.0	31480.0	29469.0	3716.0	2829.0	2023.0	3745.0	2769.0	3388.0	4104.0	3801.0	2990.0	3082.0	3418.0	2996.0	3046.0	3595.0	2028.0	3570.0	3819.0	3166.0	3546.0	4013.0	3939.0	2998.0	3866.0	3678.0	2903.0	3891.0	2515.0	2597.0	201098.0	3870.0	4852.0	3568.0	3135.0	3846.0	3026.0	3455.0	2934.0	2630.0	30030.0	3842.0	3050.0	2882.0	1410.0	4100.0	4157.0	29374.0	1860.0	32071.0	3344.0	3780.0	3679.0	29485.0	1978.0	32499.0	2019.0	2744.0	1474.0	30128.0	4063.0	3126.0	3042.0	1942.0	3424.0	3522.0	29463.0	3764.0	3307.0	1723.0	4436.0	3720.0	3903.0	199289.0	1722.0	3662.0	3860.0	3594.0
scaffoldsTV7	2635.0	507.0	575.0	1616.0	1840.0	1236.0	782.0	789.0	240.0	764.0	436.0	1533.0	1392.0	1497.0	1987.0	1715.0	31956.0	1806.0	1273.0	3207.0	1680.0	1683.0	703.0	1407.0	1961.0	0.0	1683.0	800.0	1686.0	2855.0	1843.0	572.0	584.0	28218.0	783.0	246.0	30183.0	29177.0	1637.0	574.0	2643.0	1821.0	403.0	2167.0	1833.0	1923.0	744.0	780.0	1133.0	657.0	730.0	1358.0	1499.0	1307.0	1826.0	760.0	1113.0	1546.0	1899.0	825.0	1920.0	1419.0	751.0	1631.0	304.0	267.0	201741.0	1478.0	3477.0	1177.0	737.0	1686.0	690.0	1492.0	767.0	374.0	28513.0	1433.0	2175.0	668.0	1296.0	1940.0	5081.0	28164.0	1666.0	32051.0	1105.0	1801.0	1563.0	29692.0	2585.0	29380.0	2471.0	405.0	1145.0	28584.0	1654.0	1171.0	2135.0	1773.0	1307.0	623.0	28068.0	1488.0	2684.0	1804.0	4803.0	1673.0	1546.0	198285.0	2358.0	1678.0	1821.0	1333.0
scaffoldsTV29	2504.0	776.0	825.0	1952.0	1987.0	2609.0	875.0	2025.0	1275.0	807.0	766.0	2317.0	2054.0	2422.0	1930.0	2487.0	32438.0	1866.0	1580.0	2331.0	2382.0	3008.0	838.0	1585.0	3348.0	3811.0	0.0	763.0	2013.0	2750.0	2108.0	797.0	906.0	28785.0	1315.0	1777.0	30742.0	28783.0	1646.0	747.0	3541.0	1836.0	711.0	1992.0	1916.0	1824.0	793.0	954.0	1930.0	794.0	836.0	1848.0	1733.0	1845.0	2603.0	890.0	2901.0	2443.0	1839.0	1819.0	1897.0	2083.0	1191.0	2451.0	214.0	289.0	196169.0	2424.0	3859.0	2254.0	1464.0	2159.0	992.0	1628.0	955.0	258.0	30765.0	2384.0	2478.0	779.0	1260.0	1978.0	3025.0	28719.0	3026.0	32548.0	2036.0	2019.0	1714.0	30292.0	3480.0	30259.0	3669.0	685.0	1212.0	30789.0	2432.0	1064.0	1276.0	2951.0	1850.0	1667.0	28674.0	2141.0	2706.0	3009.0	2869.0	1951.0	2337.0	202133.0	3142.0	1678.0	1791.0	1815.0
scaffolds13435	1140.0	243.0	328.0	1538.0	1573.0	1604.0	234.0	1109.0	208.0	423.0	178.0	1478.0	1504.0	1780.0	1570.0	1913.0	31681.0	1698.0	1055.0	1955.0	1838.0	1849.0	162.0	1412.0	2194.0	1757.0	397.0	0.0	1662.0	1376.0	1629.0	256.0	213.0	28675.0	301.0	591.0	31162.0	27881.0	1468.0	185.0	2400.0	1513.0	111.0	529.0	1531.0	1630.0	327.0	270.0	703.0	277.0	283.0	1752.0	1279.0	1711.0	1815.0	236.0	1129.0	1828.0	1564.0	239.0	1577.0	1929.0	291.0	1817.0	64.0	253.0	202412.0	1836.0	3190.0	1414.0	243.0	1573.0	266.0	1491.0	354.0	90.0	30287.0	1839.0	1303.0	140.0	1194.0	1589.0	2971.0	28789.0	2261.0	31736.0	794.0	1569.0	1496.0	29119.0	2587.0	30035.0	2239.0	165.0	1114.0	30289.0	1917.0	366.0	338.0	2057.0	1717.0	361.0	28671.0	1812.0	2491.0	2219.0	2036.0	1542.0	1842.0	200733.0	2399.0	1507.0	1557.0	1742.0
scaffoldsAR9984	1376.0	484.0	410.0	546.0	618.0	1577.0	595.0	1498.0	280.0	480.0	378.0	1633.0	895.0	697.0	538.0	620.0	28898.0	531.0	1232.0	932.0	708.0	688.0	485.0	285.0	2589.0	2036.0	593.0	566.0	0.0	1420.0	545.0	373.0	448.0	28642.0	582.0	617.0	30054.0	28018.0	471.0	438.0	1846.0	502.0	413.0	662.0	589.0	517.0	486.0	621.0	549.0	490.0	502.0	374.0	1430.0	353.0	795.0	610.0	1396.0	646.0	582.0	223.0	502.0	618.0	656.0	610.0	217.0	156.0	202788.0	569.0	1453.0	1861.0	280.0	491.0	529.0	417.0	647.0	191.0	30204.0	579.0	1383.0	404.0	1087.0	637.0	1143.0	28829.0	2638.0	28981.0	984.0	562.0	371.0	29388.0	2181.0	29708.0	2592.0	411.0	1082.0	30078.0	641.0	488.0	453.0	2391.0	346.0	476.0	28640.0	478.0	1491.0	2615.0	920.0	572.0	592.0	200940.0	2714.0	386.0	581.0	345.0
scaffoldsTV163	2301.0	1775.0	1686.0	3007.0	2992.0	1467.0	1850.0	3429.0	2640.0	4338.0	1532.0	2832.0	2921.0	3065.0	3009.0	3051.0	34579.0	2679.0	1634.0	7746.0	2915.0	4733.0	1775.0	2535.0	3571.0	4393.0	2281.0	1814.0	3030.0	0.0	3091.0	1524.0	1662.0	28842.0	1809.0	2720.0	30669.0	29882.0	2596.0	1626.0	4222.0	3112.0	1470.0	1832.0	3190.0	2941.0	1491.0	1917.0	2678.0	1813.0	1734.0	2676.0	2761.0	2663.0	2896.0	1892.0	3429.0	2978.0	3141.0	3040.0	2922.0	2622.0	1761.0	2939.0	1284.0	4600.0	202238.0	2905.0	4674.0	2285.0	2566.0	3138.0	1792.0	2635.0	1843.0	1266.0	30407.0	2823.0	2883.0	1674.0	2163.0	3175.0	6081.0	28738.0	3653.0	34624.0	2494.0	3154.0	2672.0	29734.0	4194.0	30238.0	4005.0	1542.0	2268.0	30375.0	3121.0	2374.0	1682.0	3739.0	2398.0	3179.0	28747.0	2752.0	3889.0	3666.0	8890.0	2918.0	2663.0	204719.0	3083.0	2735.0	3087.0	2521.0
scaffolds10650	1555.0	350.0	395.0	296.0	409.0	1974.0	463.0	1075.0	331.0	468.0	383.0	1893.0	1158.0	990.0	432.0	1019.0	28656.0	348.0	1138.0	1033.0	1037.0	744.0	423.0	256.0	2478.0	2366.0	531.0	411.0	403.0	1720.0	0.0	380.0	358.0	28565.0	474.0	1034.0	29670.0	27578.0	342.0	425.0	2000.0	399.0	342.0	986.0	393.0	370.0	424.0	415.0	730.0	333.0	457.0	885.0	1332.0	830.0	951.0	441.0	1706.0	949.0	417.0	443.0	432.0	1103.0	426.0	949.0	231.0	334.0	197773.0	941.0	1776.0	1854.0	354.0	401.0	521.0	299.0	420.0	305.0	29999.0	971.0	1664.0	285.0	1168.0	468.0	1166.0	28737.0	2487.0	28683.0	876.0	472.0	274.0	28881.0	2147.0	29135.0	2323.0	277.0	1165.0	30079.0	1054.0	480.0	608.0	2360.0	827.0	382.0	28655.0	819.0	1331.0	2416.0	902.0	356.0	930.0	199806.0	2380.0	290.0	435.0	848.0
scaffolds117A	1102.0	159.0	244.0	1035.0	1066.0	1513.0	119.0	727.0	234.0	363.0	187.0	1426.0	1793.0	1287.0	1058.0	1411.0	32058.0	1106.0	1029.0	1208.0	1388.0	1321.0	170.0	1031.0	2301.0	1705.0	331.0	107.0	1136.0	1393.0	1110.0	0.0	161.0	28535.0	164.0	642.0	30851.0	28047.0	1022.0	177.0	2692.0	1066.0	109.0	567.0	1006.0	1148.0	148.0	134.0	655.0	139.0	133.0	1381.0	1176.0	1339.0	1367.0	165.0	1055.0	1389.0	994.0	202.0	1036.0	1517.0	186.0	1439.0	106.0	294.0	199895.0	1429.0	2848.0	1401.0	281.0	1069.0	172.0	1053.0	229.0	74.0	30694.0	1414.0	1366.0	196.0	1133.0	1084.0	1931.0	28623.0	2396.0	31997.0	745.0	1078.0	1054.0	29694.0	2749.0	30612.0	2272.0	156.0	1143.0	30736.0	1496.0	277.0	306.0	2251.0	1335.0	278.0	28594.0	1368.0	1989.0	2338.0	1637.0	1067.0	1407.0	202953.0	2527.0	1073.0	1020.0	1363.0
scaffolds13213	1534.0	267.0	346.0	1604.0	1723.0	1961.0	379.0	1032.0	298.0	465.0	385.0	1968.0	1671.0	2200.0	1677.0	2291.0	32166.0	1700.0	1121.0	2021.0	2413.0	1969.0	461.0	1428.0	2361.0	2225.0	496.0	363.0	1678.0	1740.0	1692.0	302.0	0.0	28827.0	437.0	992.0	31029.0	28008.0	1645.0	434.0	2403.0	1695.0	334.0	904.0	1729.0	1679.0	328.0	396.0	658.0	315.0	373.0	2091.0	1303.0	2203.0	2307.0	413.0	1612.0	2283.0	1661.0	373.0	1710.0	2298.0	383.0	2396.0	128.0	238.0	204903.0	2340.0	3218.0	1852.0	303.0	1638.0	429.0	1548.0	421.0	168.0	31160.0	2390.0	1401.0	309.0	1098.0	1731.0	2977.0	29065.0	2428.0	31952.0	848.0	1710.0	1563.0	29588.0	2653.0	30769.0	2254.0	263.0	1149.0	31258.0	2393.0	499.0	540.0	2103.0	2089.0	432.0	28862.0	2070.0	2582.0	2184.0	2086.0	1622.0	2188.0	200498.0	2487.0	1592.0	1651.0	2074.0
scaffoldsTV135	27805.0	27962.0	27968.0	28440.0	28438.0	28053.0	28174.0	28443.0	27605.0	31089.0	27849.0	27688.0	28300.0	28274.0	28562.0	28346.0	14688.0	28236.0	27785.0	32807.0	28202.0	28468.0	27941.0	28235.0	28431.0	28714.0	27769.0	28039.0	28413.0	30193.0	28448.0	27919.0	27931.0	0.0	28072.0	27698.0	29048.0	27759.0	28282.0	27878.0	28325.0	28306.0	27871.0	27815.0	28459.0	28377.0	27997.0	28182.0	27704.0	28027.0	27882.0	27940.0	27670.0	27999.0	28378.0	28033.0	27694.0	28200.0	28574.0	27849.0	28301.0	28129.0	28088.0	28186.0	27686.0	32381.0	197504.0	28121.0	29498.0	27828.0	27833.0	28383.0	27921.0	28237.0	28060.0	27724.0	28625.0	28228.0	28746.0	27825.0	27339.0	28482.0	28621.0	831.0	28054.0	14580.0	27878.0	28574.0	28212.0	13983.0	28704.0	28546.0	28372.0	27831.0	27351.0	28596.0	28145.0	27680.0	27920.0	28257.0	28005.0	28352.0	873.0	28025.0	28468.0	28209.0	33170.0	28531.0	28144.0	200864.0	28027.0	28265.0	28529.0	27973.0
scaffolds131096	1484.0	178.0	157.0	1536.0	1564.0	1817.0	168.0	942.0	252.0	291.0	131.0	1752.0	1634.0	1970.0	1512.0	2095.0	31893.0	1654.0	1013.0	1920.0	2145.0	1743.0	187.0	1440.0	2230.0	2054.0	564.0	119.0	1545.0	1685.0	1561.0	222.0	177.0	28643.0	0.0	973.0	30851.0	27981.0	1474.0	117.0	2510.0	1554.0	109.0	860.0	1486.0	1578.0	274.0	170.0	721.0	215.0	255.0	2074.0	1156.0	2015.0	2047.0	214.0	1480.0	2103.0	1444.0	274.0	1506.0	2267.0	267.0	2078.0	132.0	221.0	201446.0	2097.0	3319.0	1710.0	235.0	1578.0	189.0	1462.0	276.0	103.0	30543.0	2080.0	1383.0	219.0	1211.0	1533.0	2874.0	28765.0	2279.0	31937.0	708.0	1464.0	1520.0	29732.0	2537.0	30306.0	2235.0	154.0	1062.0	30574.0	2177.0	270.0	252.0	2164.0	2027.0	226.0	28702.0	2140.0	2403.0	2250.0	2090.0	1480.0	2070.0	200236.0	2417.0	1529.0	1419.0	2027.0
scaffoldsTV3	2157.0	123.0	203.0	956.0	1083.0	902.0	275.0	649.0	154.0	186.0	255.0	1101.0	1307.0	1293.0	1102.0	1005.0	32062.0	1099.0	928.0	3573.0	1047.0	1380.0	270.0	987.0	2025.0	1383.0	685.0	236.0	1001.0	2187.0	1027.0	384.0	191.0	27789.0	270.0	0.0	30689.0	29494.0	1073.0	264.0	2175.0	1057.0	261.0	1472.0	1073.0	1024.0	427.0	273.0	705.0	167.0	403.0	1012.0	1093.0	958.0	1144.0	253.0	816.0	989.0	1074.0	132.0	1107.0	1088.0	243.0	939.0	154.0	177.0	201961.0	982.0	4627.0	894.0	204.0	970.0	307.0	996.0	270.0	278.0	29186.0	1010.0	2746.0	133.0	1253.0	1071.0	4157.0	27976.0	1993.0	32002.0	596.0	1137.0	1248.0	29097.0	2162.0	29842.0	2587.0	190.0	1069.0	29264.0	1109.0	678.0	1659.0	1995.0	972.0	162.0	27864.0	1112.0	1890.0	2057.0	3918.0	972.0	998.0	200892.0	2205.0	1016.0	1080.0	977.0
scaffoldsARL04446	35153.0	35207.0	35328.0	34026.0	34022.0	32958.0	35311.0	36493.0	35730.0	35283.0	35145.0	33627.0	30624.0	33854.0	34023.0	33926.0	41763.0	33979.0	34677.0	33913.0	33781.0	34617.0	35285.0	33699.0	33904.0	36401.0	34000.0	35340.0	33899.0	35059.0	33996.0	35185.0	35286.0	30436.0	35364.0	35742.0	0.0	28333.0	33887.0	35227.0	32705.0	34862.0	35174.0	35635.0	34052.0	34030.0	35167.0	35342.0	36310.0	35291.0	35328.0	33570.0	33730.0	33583.0	33830.0	35286.0	36070.0	33792.0	33992.0	35958.0	33996.0	31443.0	35360.0	33861.0	35027.0	34983.0	211078.0	33775.0	34960.0	35993.0	36822.0	32830.0	35354.0	33840.0	35353.0	35013.0	28454.0	33768.0	35792.0	35083.0	33256.0	34019.0	36701.0	30982.0	33584.0	41424.0	36568.0	33734.0	33796.0	36868.0	32294.0	33575.0	34281.0	35125.0	33199.0	28396.0	33844.0	34023.0	37783.0	33854.0	33631.0	36146.0	30894.0	33600.0	34424.0	33888.0	36563.0	33960.0	33833.0	200249.0	33463.0	33873.0	34014.0	33585.0
E_faecalis_reference_sequence	33416.0	34100.0	34206.0	34126.0	34203.0	32247.0	34168.0	33783.0	33850.0	34150.0	34219.0	32516.0	31285.0	34024.0	34209.0	34020.0	33598.0	34212.0	34160.0	31924.0	34047.0	33758.0	34262.0	34149.0	32280.0	33766.0	33291.0	34190.0	34124.0	33654.0	34193.0	34248.0	34175.0	31653.0	34203.0	33831.0	24928.0	0.0	34193.0	34201.0	33085.0	33993.0	34213.0	33648.0	34191.0	34161.0	34213.0	34199.0	34133.0	34147.0	34327.0	34054.0	32472.0	34073.0	34143.0	34186.0	33974.0	34084.0	34148.0	33870.0	34163.0	31264.0	34158.0	34048.0	34148.0	34133.0	207556.0	34117.0	32376.0	35475.0	34924.0	33101.0	34188.0	34142.0	34084.0	34230.0	26083.0	34100.0	33343.0	34137.0	32633.0	34196.0	32853.0	32057.0	31574.0	33576.0	33958.0	33797.0	34167.0	32709.0	31799.0	29053.0	33462.0	34154.0	32446.0	26188.0	34415.0	34029.0	35008.0	32305.0	34089.0	33924.0	32111.0	34128.0	33709.0	32273.0	33703.0	34125.0	34103.0	209544.0	32201.0	34169.0	34193.0	34053.0
scaffolds10641	1081.0	217.0	236.0	133.0	151.0	1405.0	188.0	723.0	271.0	354.0	165.0	1403.0	1017.0	557.0	140.0	518.0	28829.0	270.0	944.0	862.0	510.0	540.0	171.0	191.0	2193.0	1954.0	384.0	177.0	214.0	1208.0	239.0	300.0	224.0	28355.0	216.0	662.0	29581.0	27415.0	0.0	176.0	1933.0	266.0	122.0	532.0	129.0	244.0	423.0	252.0	802.0	203.0	336.0	476.0	1169.0	449.0	441.0	168.0	1048.0	504.0	224.0	194.0	148.0	667.0	213.0	498.0	177.0	270.0	199241.0	493.0	1411.0	1370.0	302.0	252.0	213.0	199.0	291.0	169.0	29073.0	518.0	1598.0	234.0	1231.0	194.0	972.0	28529.0	2337.0	28757.0	694.0	185.0	196.0	28752.0	1981.0	28526.0	2305.0	182.0	1101.0	29207.0	625.0	278.0	294.0	2224.0	422.0	276.0	28444.0	565.0	1176.0	2304.0	782.0	224.0	524.0	196835.0	2307.0	182.0	230.0	460.0
scaffoldsEF13431	1485.0	228.0	206.0	1517.0	1526.0	1817.0	191.0	790.0	253.0	316.0	139.0	1772.0	1657.0	1986.0	1529.0	2116.0	31860.0	1652.0	1052.0	1949.0	2143.0	1805.0	214.0	1456.0	2244.0	2072.0	368.0	176.0	1505.0	1688.0	1567.0	329.0	228.0	28623.0	179.0	996.0	30868.0	27994.0	1485.0	0.0	2547.0	1590.0	153.0	866.0	1483.0	1611.0	358.0	213.0	747.0	239.0	323.0	2090.0	1172.0	2038.0	2120.0	184.0	1437.0	2102.0	1517.0	230.0	1515.0	2282.0	251.0	2081.0	195.0	254.0	201452.0	2119.0	3365.0	1733.0	241.0	1541.0	218.0	1477.0	299.0	179.0	30562.0	2098.0	1417.0	222.0	1245.0	1580.0	2868.0	28808.0	2221.0	31887.0	716.0	1499.0	1519.0	29530.0	2554.0	30333.0	2265.0	219.0	1081.0	30626.0	2196.0	282.0	281.0	2199.0	2035.0	273.0	28661.0	2186.0	2452.0	2306.0	2083.0	1515.0	2107.0	200193.0	2449.0	1540.0	1502.0	2072.0
scaffoldsVV10	2832.0	2361.0	2443.0	2408.0	2474.0	2889.0	2451.0	2488.0	2490.0	2556.0	2460.0	1537.0	545.0	2550.0	2470.0	2616.0	28325.0	2419.0	2812.0	1577.0	2669.0	2328.0	2454.0	2273.0	624.0	3412.0	2700.0	2451.0	2282.0	3144.0	2420.0	2471.0	2449.0	28694.0	2449.0	2714.0	29820.0	29099.0	2488.0	2456.0	0.0	2404.0	2444.0	2889.0	2576.0	2429.0	2485.0	2458.0	2921.0	2357.0	2442.0	2453.0	1253.0	2470.0	2806.0	2468.0	2856.0	2620.0	2416.0	2719.0	2546.0	2603.0	2518.0	2538.0	2345.0	2344.0	201498.0	2517.0	2818.0	2889.0	2508.0	2346.0	2563.0	2292.0	2576.0	2386.0	29413.0	2510.0	3107.0	2461.0	1132.0	2465.0	1623.0	28636.0	643.0	28362.0	2940.0	2429.0	2447.0	28292.0	260.0	31115.0	814.0	2450.0	1260.0	29371.0	2604.0	2497.0	2733.0	608.0	2474.0	2769.0	28702.0	2467.0	1714.0	685.0	2545.0	2382.0	2536.0	199550.0	1034.0	2477.0	2336.0	2449.0
scaffoldsAR011155	1825.0	737.0	832.0	736.0	844.0	2474.0	803.0	1636.0	678.0	888.0	800.0	2307.0	1399.0	1425.0	837.0	1476.0	29312.0	844.0	1613.0	1477.0	1411.0	1081.0	849.0	658.0	3179.0	3117.0	1257.0	755.0	816.0	2334.0	829.0	675.0	787.0	29041.0	842.0	1228.0	31280.0	27964.0	759.0	826.0	2150.0	0.0	749.0	1485.0	785.0	880.0	832.0	752.0	908.0	733.0	795.0	1074.0	1750.0	1011.0	1341.0	778.0	2051.0	1442.0	768.0	576.0	833.0	1250.0	754.0	1434.0	405.0	506.0	202565.0	1409.0	2198.0	2332.0	824.0	792.0	820.0	803.0	858.0	412.0	30618.0	1437.0	1852.0	699.0	1340.0	873.0	1272.0	29215.0	2965.0	29290.0	1521.0	839.0	783.0	29739.0	2563.0	29946.0	2457.0	741.0	1354.0	30669.0	1447.0	863.0	946.0	2987.0	1045.0	795.0	29045.0	1186.0	1709.0	3142.0	1391.0	770.0	1425.0	200785.0	3226.0	763.0	801.0	1041.0
scaffolds13985	1169.0	204.0	248.0	1036.0	1052.0	1555.0	220.0	897.0	261.0	393.0	241.0	1459.0	1322.0	1701.0	1041.0	1409.0	31753.0	1094.0	1081.0	1833.0	1400.0	1360.0	190.0	1001.0	2268.0	1820.0	459.0	157.0	1122.0	1465.0	1077.0	195.0	193.0	28724.0	246.0	656.0	30985.0	28065.0	1012.0	222.0	2206.0	1090.0	0.0	626.0	1015.0	1107.0	251.0	221.0	639.0	208.0	220.0	1312.0	1252.0	1267.0	1348.0	169.0	1236.0	1410.0	1029.0	200.0	1033.0	1479.0	236.0	1393.0	80.0	280.0	204460.0	1403.0	3319.0	1443.0	303.0	1060.0	232.0	1040.0	292.0	108.0	30584.0	1409.0	1327.0	239.0	1113.0	1048.0	2195.0	28764.0	2367.0	31735.0	854.0	1038.0	1059.0	29038.0	2319.0	30495.0	2096.0	201.0	1124.0	30506.0	1467.0	340.0	368.0	2196.0	1258.0	294.0	28776.0	1381.0	1990.0	2296.0	1597.0	994.0	1401.0	200580.0	2471.0	1082.0	1037.0	1302.0
scaffoldsTV154	1139.0	560.0	584.0	1572.0	1548.0	1335.0	748.0	2763.0	1802.0	579.0	370.0	1408.0	1991.0	1305.0	1462.0	1567.0	33247.0	1494.0	1204.0	3920.0	1438.0	3151.0	507.0	1278.0	2990.0	3592.0	1307.0	581.0	1521.0	1452.0	1507.0	382.0	709.0	28826.0	756.0	1522.0	30666.0	29031.0	1351.0	574.0	3086.0	1512.0	601.0	0.0	1495.0	1570.0	667.0	622.0	1789.0	581.0	503.0	966.0	1462.0	974.0	1770.0	561.0	2500.0	1306.0	1566.0	2234.0	1494.0	1091.0	717.0	1364.0	168.0	134.0	197894.0	1365.0	3583.0	1282.0	1627.0	1373.0	639.0	1362.0	763.0	171.0	30060.0	1389.0	1961.0	393.0	1155.0	1548.0	4657.0	28737.0	2957.0	33362.0	1986.0	1618.0	1458.0	29316.0	3270.0	30124.0	3190.0	609.0	1045.0	30048.0	1383.0	1165.0	658.0	2776.0	1123.0	2123.0	28701.0	1145.0	2370.0	2751.0	4471.0	1516.0	1401.0	202467.0	2929.0	1522.0	1395.0	948.0
scaffolds10104	1463.0	266.0	300.0	202.0	236.0	1666.0	232.0	1000.0	188.0	366.0	119.0	1881.0	1177.0	850.0	246.0	920.0	29253.0	220.0	822.0	937.0	981.0	526.0	329.0	108.0	2358.0	2320.0	371.0	189.0	319.0	1402.0	270.0	146.0	256.0	28182.0	290.0	955.0	29416.0	27538.0	122.0	198.0	1959.0	255.0	128.0	823.0	0.0	302.0	254.0	245.0	633.0	251.0	211.0	911.0	1223.0	833.0	799.0	211.0	1492.0	849.0	254.0	197.0	189.0	967.0	296.0	937.0	128.0	242.0	202879.0	927.0	1713.0	1766.0	244.0	267.0	254.0	164.0	345.0	117.0	29846.0	923.0	1593.0	190.0	1069.0	277.0	1040.0	28365.0	2368.0	29258.0	724.0	268.0	133.0	29571.0	2065.0	29197.0	2197.0	187.0	1092.0	29706.0	1016.0	343.0	319.0	2290.0	745.0	311.0	28209.0	720.0	1180.0	2362.0	817.0	299.0	811.0	198713.0	2350.0	181.0	276.0	742.0
scaffolds10217	1484.0	260.0	276.0	222.0	330.0	1816.0	352.0	974.0	263.0	382.0	365.0	1822.0	1046.0	898.0	346.0	925.0	29249.0	317.0	996.0	938.0	984.0	642.0	386.0	146.0	2332.0	2359.0	472.0	331.0	296.0	1605.0	311.0	359.0	258.0	28433.0	393.0	981.0	29586.0	27633.0	291.0	358.0	1889.0	363.0	319.0	889.0	363.0	0.0	337.0	397.0	629.0	279.0	354.0	791.0	1239.0	790.0	947.0	408.0	1498.0	907.0	363.0	376.0	321.0	1076.0	360.0	926.0	134.0	247.0	203425.0	904.0	1458.0	1804.0	315.0	309.0	439.0	229.0	382.0	225.0	30041.0	863.0	1597.0	260.0	1119.0	333.0	1173.0	28516.0	2269.0	29126.0	848.0	369.0	447.0	29412.0	2015.0	29460.0	2205.0	260.0	1115.0	30182.0	987.0	423.0	506.0	2267.0	804.0	350.0	28496.0	839.0	1281.0	2354.0	818.0	247.0	868.0	197125.0	2421.0	199.0	366.0	763.0
scaffolds13988	1240.0	305.0	327.0	1136.0	1094.0	1592.0	229.0	892.0	380.0	474.0	289.0	1480.0	1483.0	1820.0	1070.0	1459.0	31257.0	1098.0	1078.0	1899.0	1421.0	1336.0	235.0	1054.0	2222.0	1750.0	359.0	223.0	1195.0	1414.0	1170.0	112.0	269.0	28642.0	278.0	807.0	31132.0	28064.0	1109.0	300.0	2352.0	1136.0	199.0	617.0	1093.0	1184.0	0.0	253.0	669.0	298.0	102.0	1461.0	1278.0	1447.0	1380.0	280.0	1181.0	1504.0	1026.0	427.0	1084.0	1618.0	302.0	1484.0	281.0	426.0	198796.0	1427.0	3375.0	1462.0	328.0	1130.0	303.0	1058.0	424.0	187.0	30395.0	1459.0	1512.0	314.0	1153.0	1108.0	2319.0	28625.0	2228.0	31137.0	785.0	1112.0	1128.0	28460.0	2402.0	30132.0	2159.0	259.0	1311.0	30435.0	1555.0	435.0	401.0	2153.0	1439.0	396.0	28738.0	1342.0	2056.0	2201.0	1636.0	1129.0	1405.0	198964.0	2409.0	1132.0	1032.0	1446.0
scaffolds13107	1303.0	294.0	382.0	1617.0	1636.0	1621.0	297.0	1106.0	246.0	515.0	241.0	1504.0	1609.0	1843.0	1621.0	1933.0	31596.0	1609.0	1125.0	2032.0	1853.0	1841.0	260.0	1486.0	2412.0	1795.0	481.0	269.0	1706.0	1397.0	1592.0	222.0	274.0	28617.0	344.0	707.0	31148.0	28013.0	1508.0	276.0	2469.0	1561.0	202.0	593.0	1598.0	1722.0	280.0	0.0	702.0	247.0	272.0	1860.0	1318.0	1807.0	1807.0	285.0	1177.0	1906.0	1598.0	312.0	1595.0	2000.0	322.0	1933.0	192.0	354.0	201786.0	1894.0	3247.0	1533.0	299.0	1672.0	270.0	1470.0	397.0	144.0	30597.0	1904.0	1428.0	250.0	1187.0	1686.0	2886.0	28742.0	2492.0	31557.0	801.0	1612.0	1556.0	28998.0	2642.0	30310.0	2442.0	208.0	1180.0	30648.0	1989.0	395.0	409.0	2286.0	1805.0	387.0	28644.0	1730.0	2563.0	2428.0	2137.0	1595.0	1906.0	200657.0	2647.0	1573.0	1593.0	1831.0
scaffoldsTV5	6030.0	1017.0	1048.0	1910.0	2047.0	2345.0	1234.0	3976.0	3042.0	1098.0	1079.0	2482.0	2500.0	2461.0	2102.0	2495.0	36089.0	1991.0	1591.0	6529.0	2606.0	4575.0	1193.0	1792.0	3328.0	5358.0	2095.0	1119.0	1859.0	6003.0	2083.0	1120.0	1157.0	29237.0	1214.0	3683.0	34353.0	31825.0	1964.0	1176.0	3754.0	2094.0	1146.0	5513.0	2044.0	1957.0	1238.0	1264.0	0.0	1062.0	1130.0	2116.0	1874.0	2116.0	2732.0	1214.0	4690.0	2478.0	2059.0	3431.0	2020.0	2404.0	1140.0	2447.0	779.0	702.0	198080.0	2466.0	7653.0	2494.0	878.0	1926.0	1211.0	1883.0	1170.0	828.0	31721.0	2451.0	6260.0	1150.0	1680.0	2079.0	7206.0	29088.0	3190.0	36229.0	901.0	2140.0	1927.0	34467.0	3733.0	31477.0	3750.0	1099.0	1641.0	31731.0	2514.0	1806.0	5119.0	3262.0	2135.0	3290.0	29183.0	2378.0	2808.0	3307.0	4290.0	1969.0	2453.0	200300.0	3262.0	1837.0	1972.0	2090.0
scaffolds13217	1486.0	404.0	466.0	1353.0	1455.0	1877.0	466.0	1089.0	441.0	569.0	513.0	2056.0	1761.0	2070.0	1440.0	1999.0	31916.0	1365.0	1261.0	1785.0	2100.0	1668.0	591.0	1234.0	2430.0	2268.0	532.0	491.0	1400.0	1897.0	1352.0	449.0	402.0	28842.0	550.0	1212.0	31803.0	28358.0	1403.0	543.0	2489.0	1365.0	449.0	1025.0	1427.0	1385.0	471.0	475.0	850.0	0.0	478.0	2079.0	1402.0	2054.0	2030.0	518.0	1584.0	1980.0	1384.0	450.0	1416.0	2176.0	509.0	2132.0	377.0	509.0	203335.0	2064.0	3289.0	1949.0	444.0	1334.0	530.0	1264.0	518.0	408.0	31049.0	2053.0	1611.0	378.0	1340.0	1466.0	2625.0	29050.0	2338.0	31802.0	903.0	1459.0	1264.0	29408.0	2597.0	30307.0	2162.0	356.0	1395.0	30993.0	2136.0	560.0	629.0	2245.0	1951.0	314.0	28980.0	1894.0	2296.0	2310.0	1845.0	1329.0	1966.0	202548.0	2615.0	1314.0	1391.0	1950.0
scaffolds13433	1579.0	345.0	431.0	1258.0	1225.0	2026.0	313.0	1111.0	373.0	507.0	346.0	1958.0	1927.0	1849.0	1218.0	1907.0	32080.0	1239.0	1216.0	1382.0	1943.0	1471.0	314.0	1113.0	2422.0	2323.0	605.0	282.0	1323.0	1820.0	1341.0	197.0	347.0	28806.0	354.0	1121.0	30948.0	28161.0	1182.0	363.0	2744.0	1236.0	288.0	1042.0	1214.0	1328.0	238.0	320.0	634.0	377.0	0.0	1825.0	1341.0	1818.0	1869.0	337.0	1637.0	1956.0	1141.0	399.0	1220.0	1959.0	386.0	1957.0	269.0	391.0	200477.0	1919.0	3025.0	1929.0	361.0	1238.0	371.0	1211.0	454.0	170.0	31252.0	1921.0	1505.0	276.0	1129.0	1262.0	1977.0	28792.0	2494.0	32089.0	993.0	1246.0	1238.0	30066.0	2921.0	30437.0	2125.0	376.0	1280.0	31243.0	1983.0	499.0	463.0	2300.0	1808.0	491.0	28811.0	1677.0	2177.0	2402.0	1786.0	1256.0	1919.0	197858.0	2638.0	1263.0	1138.0	1784.0
scaffolds5A6	802.0	205.0	196.0	258.0	312.0	847.0	295.0	670.0	268.0	194.0	254.0	1132.0	1018.0	169.0	309.0	135.0	28583.0	290.0	956.0	787.0	239.0	538.0	268.0	224.0	2164.0	1611.0	223.0	286.0	167.0	883.0	322.0	331.0	227.0	28192.0	265.0	201.0	29180.0	27688.0	323.0	259.0	1877.0	335.0	302.0	164.0	330.0	267.0	325.0	329.0	592.0	242.0	300.0	0.0	1060.0	148.0	290.0	329.0	846.0	144.0	291.0	241.0	332.0	259.0	319.0	141.0	244.0	145.0	206454.0	129.0	1389.0	886.0	190.0	181.0	349.0	220.0	353.0	303.0	29236.0	142.0	1581.0	218.0	1072.0	300.0	1039.0	28260.0	2057.0	28555.0	579.0	247.0	243.0	28462.0	1872.0	29912.0	2643.0	266.0	1070.0	29295.0	233.0	245.0	247.0	2097.0	132.0	212.0	28337.0	185.0	1145.0	2187.0	640.0	231.0	130.0	201009.0	2171.0	263.0	271.0	112.0
scaffolds12327	1983.0	1599.0	1639.0	2447.0	2530.0	2809.0	1693.0	2233.0	1563.0	1622.0	1662.0	584.0	1516.0	2974.0	2542.0	2640.0	31680.0	2612.0	2515.0	2237.0	2698.0	2698.0	1653.0	2358.0	1507.0	3360.0	1646.0	1684.0	2366.0	2708.0	2497.0	1796.0	1607.0	29143.0	1723.0	1872.0	30477.0	28427.0	2487.0	1662.0	1505.0	2476.0	1661.0	1827.0	2527.0	2487.0	1805.0	1714.0	2062.0	1610.0	1785.0	2562.0	0.0	2555.0	2862.0	1697.0	1976.0	2604.0	2493.0	1602.0	2519.0	2717.0	1703.0	2603.0	1553.0	1530.0	203461.0	2594.0	4635.0	2373.0	1571.0	2362.0	1752.0	2365.0	1742.0	1599.0	30993.0	2597.0	3037.0	1602.0	224.0	2530.0	2220.0	29324.0	1485.0	31773.0	2010.0	2604.0	2384.0	28991.0	1528.0	31263.0	1879.0	1607.0	238.0	30885.0	2679.0	1670.0	1661.0	1512.0	2574.0	1637.0	29238.0	2672.0	1752.0	1550.0	2832.0	2454.0	2586.0	199529.0	1727.0	2400.0	2500.0	2536.0
scaffolds5A16	778.0	186.0	285.0	306.0	368.0	919.0	223.0	713.0	299.0	135.0	155.0	1068.0	1141.0	73.0	230.0	222.0	27752.0	374.0	915.0	909.0	194.0	481.0	195.0	308.0	2249.0	1668.0	196.0	182.0	257.0	977.0	226.0	233.0	180.0	28006.0	279.0	150.0	28992.0	28152.0	362.0	280.0	1903.0	236.0	307.0	142.0	209.0	405.0	401.0	191.0	566.0	204.0	246.0	103.0	1012.0	0.0	319.0	212.0	775.0	92.0	219.0	302.0	376.0	204.0	379.0	40.0	200.0	122.0	200383.0	130.0	1727.0	987.0	118.0	125.0	247.0	326.0	353.0	207.0	28862.0	200.0	1679.0	215.0	1090.0	272.0	968.0	27965.0	2122.0	27705.0	543.0	168.0	337.0	27630.0	1994.0	28683.0	2561.0	321.0	978.0	28887.0	163.0	176.0	189.0	2125.0	195.0	249.0	27968.0	106.0	1053.0	2173.0	647.0	370.0	216.0	203655.0	2294.0	348.0	196.0	69.0
scaffoldsTV105	1038.0	317.0	384.0	362.0	359.0	1132.0	364.0	868.0	256.0	509.0	241.0	1317.0	980.0	416.0	354.0	432.0	28759.0	349.0	1069.0	1089.0	390.0	674.0	310.0	257.0	2397.0	1894.0	480.0	315.0	391.0	1145.0	358.0	331.0	401.0	28486.0	313.0	211.0	28981.0	27297.0	356.0	329.0	2037.0	334.0	285.0	463.0	353.0	407.0	388.0	299.0	813.0	352.0	328.0	236.0	1283.0	224.0	0.0	312.0	955.0	433.0	323.0	437.0	420.0	263.0	333.0	396.0	178.0	277.0	199720.0	424.0	1572.0	1124.0	437.0	374.0	360.0	315.0	449.0	166.0	29109.0	417.0	1769.0	368.0	1107.0	338.0	1155.0	28506.0	2371.0	28669.0	863.0	338.0	351.0	28434.0	2100.0	28856.0	2275.0	312.0	1111.0	29102.0	524.0	460.0	352.0	2383.0	197.0	349.0	28534.0	291.0	1304.0	2390.0	861.0	318.0	394.0	199498.0	2389.0	392.0	329.0	222.0
scaffolds13986	1603.0	336.0	435.0	1235.0	1220.0	1975.0	370.0	1429.0	232.0	524.0	204.0	1865.0	1377.0	2152.0	1180.0	1832.0	31669.0	1277.0	1133.0	1826.0	1729.0	1415.0	266.0	984.0	2336.0	2242.0	498.0	338.0	1304.0	1707.0	1212.0	313.0	325.0	28720.0	480.0	957.0	31068.0	28059.0	1018.0	268.0	2260.0	1189.0	180.0	922.0	1194.0	1273.0	396.0	406.0	713.0	361.0	426.0	1647.0	1358.0	1614.0	1695.0	0.0	1507.0	1771.0	1213.0	291.0	1145.0	1792.0	423.0	1779.0	144.0	271.0	199351.0	1748.0	3743.0	1849.0	315.0	1278.0	364.0	1034.0	472.0	119.0	30643.0	1757.0	1372.0	153.0	1219.0	1281.0	2187.0	28845.0	2405.0	31800.0	833.0	1196.0	1070.0	29635.0	2517.0	30336.0	2326.0	248.0	1119.0	30658.0	1830.0	406.0	415.0	2195.0	1593.0	438.0	28773.0	1745.0	2087.0	2363.0	1618.0	1238.0	1775.0	201768.0	2580.0	1092.0	1181.0	1612.0
scaffoldsTV70	2088.0	1908.0	1934.0	3009.0	2964.0	2338.0	1901.0	2274.0	1647.0	1936.0	1881.0	2162.0	2131.0	2694.0	2980.0	2973.0	33493.0	3059.0	2685.0	3923.0	3071.0	2977.0	1914.0	2925.0	2915.0	2835.0	2550.0	1856.0	2948.0	3863.0	3090.0	1871.0	1907.0	28835.0	1975.0	1460.0	32283.0	29300.0	2988.0	1921.0	3324.0	3026.0	1872.0	3083.0	2993.0	3007.0	1955.0	1949.0	2050.0	1776.0	1906.0	2611.0	2159.0	2608.0	3103.0	1900.0	0.0	2967.0	2950.0	1747.0	2969.0	2506.0	1907.0	2905.0	1593.0	1563.0	200373.0	2955.0	5522.0	2398.0	1619.0	2934.0	1937.0	2962.0	2041.0	1572.0	31150.0	2955.0	4129.0	1980.0	1879.0	2949.0	5042.0	28861.0	3256.0	33446.0	1823.0	2997.0	3007.0	30357.0	3424.0	31621.0	3024.0	1932.0	1834.0	31150.0	3025.0	2284.0	3327.0	2962.0	2633.0	1691.0	28815.0	2806.0	3378.0	2922.0	5579.0	3003.0	2943.0	199094.0	2945.0	3006.0	2940.0	2595.0
scaffolds5A19	771.0	221.0	242.0	267.0	377.0	845.0	351.0	749.0	236.0	221.0	262.0	1109.0	1034.0	150.0	358.0	172.0	28371.0	407.0	983.0	797.0	227.0	574.0	367.0	245.0	2278.0	1642.0	318.0	323.0	188.0	932.0	316.0	449.0	268.0	28213.0	294.0	176.0	29403.0	27528.0	342.0	286.0	1918.0	311.0	328.0	209.0	337.0	355.0	523.0	339.0	666.0	241.0	492.0	111.0	1081.0	121.0	340.0	324.0	918.0	0.0	358.0	260.0	361.0	161.0	326.0	145.0	216.0	116.0	206978.0	137.0	1417.0	928.0	195.0	209.0	365.0	254.0	343.0	272.0	29013.0	168.0	1579.0	289.0	1149.0	399.0	1063.0	28404.0	2224.0	28326.0	649.0	311.0	504.0	28244.0	1949.0	29275.0	2715.0	256.0	991.0	29105.0	239.0	240.0	302.0	2201.0	63.0	207.0	28295.0	261.0	1125.0	2329.0	731.0	320.0	157.0	202061.0	2319.0	266.0	348.0	71.0
scaffoldsEF13212	1530.0	327.0	334.0	349.0	303.0	1957.0	256.0	1162.0	309.0	465.0	197.0	1851.0	1168.0	1001.0	300.0	947.0	28387.0	373.0	1089.0	943.0	934.0	536.0	195.0	157.0	2444.0	2351.0	422.0	300.0	390.0	1721.0	409.0	177.0	267.0	28527.0	270.0	1045.0	29707.0	27678.0	227.0	219.0	2003.0	297.0	177.0	922.0	327.0	384.0	188.0	313.0	682.0	332.0	182.0	841.0	1310.0	855.0	839.0	318.0	1529.0	943.0	0.0	344.0	226.0	1046.0	346.0	938.0	174.0	308.0	200941.0	916.0	1783.0	1799.0	319.0	346.0	280.0	217.0	445.0	110.0	30089.0	920.0	1636.0	198.0	1149.0	312.0	1055.0	28657.0	2379.0	28455.0	792.0	325.0	257.0	29091.0	2142.0	29003.0	2385.0	241.0	1193.0	30089.0	976.0	500.0	337.0	2311.0	832.0	436.0	28615.0	884.0	1271.0	2444.0	782.0	332.0	885.0	198656.0	2489.0	278.0	249.0	832.0
scaffoldsTV19	2946.0	577.0	745.0	1971.0	2102.0	1839.0	854.0	1215.0	285.0	794.0	492.0	1858.0	1789.0	1958.0	2066.0	2251.0	32909.0	1962.0	1508.0	4271.0	2220.0	2128.0	758.0	1609.0	2755.0	2298.0	1492.0	780.0	1910.0	3132.0	1939.0	646.0	732.0	28598.0	853.0	618.0	31146.0	29499.0	1937.0	707.0	2928.0	1962.0	617.0	2408.0	2077.0	2056.0	808.0	776.0	1159.0	722.0	803.0	1815.0	1637.0	1869.0	2271.0	791.0	1608.0	2097.0	2112.0	0.0	2122.0	1993.0	758.0	2245.0	285.0	259.0	199840.0	2242.0	4791.0	1701.0	749.0	1970.0	737.0	1729.0	640.0	354.0	30637.0	2098.0	3324.0	602.0	1274.0	2117.0	5500.0	28724.0	2624.0	32980.0	1054.0	2186.0	1842.0	30368.0	2981.0	30234.0	3102.0	506.0	1177.0	30664.0	2261.0	1168.0	2303.0	2539.0	1785.0	531.0	28488.0	1883.0	2782.0	2716.0	5052.0	1990.0	2095.0	204480.0	2880.0	1896.0	2085.0	1797.0
scaffolds10646	1118.0	377.0	354.0	286.0	315.0	1466.0	349.0	1183.0	346.0	469.0	348.0	1539.0	1077.0	685.0	324.0	652.0	29337.0	447.0	1000.0	1008.0	692.0	621.0	360.0	245.0	2526.0	2148.0	572.0	358.0	395.0	1417.0	390.0	446.0	335.0	28484.0	383.0	674.0	29486.0	27538.0	261.0	381.0	1942.0	392.0	300.0	699.0	307.0	393.0	460.0	373.0	779.0	309.0	456.0	491.0	1324.0	490.0	625.0	357.0	1194.0	652.0	299.0	315.0	0.0	681.0	416.0	668.0	201.0	284.0	200076.0	624.0	1503.0	1550.0	358.0	384.0	440.0	337.0	421.0	174.0	29368.0	598.0	1626.0	371.0	1232.0	332.0	1112.0	28699.0	2489.0	29464.0	987.0	383.0	243.0	29248.0	2086.0	29001.0	2363.0	346.0	1169.0	29403.0	675.0	445.0	474.0	2378.0	477.0	432.0	28527.0	771.0	1303.0	2511.0	872.0	379.0	619.0	198419.0	2585.0	263.0	347.0	489.0
scaffolds121VP	759.0	212.0	372.0	355.0	394.0	1009.0	224.0	850.0	342.0	258.0	199.0	1090.0	1111.0	181.0	235.0	346.0	28292.0	390.0	958.0	891.0	275.0	552.0	247.0	358.0	2181.0	1567.0	277.0	215.0	319.0	1096.0	265.0	236.0	211.0	28152.0	359.0	277.0	28364.0	27478.0	360.0	339.0	1778.0	275.0	347.0	220.0	226.0	454.0	411.0	220.0	646.0	230.0	248.0	206.0	1083.0	212.0	464.0	212.0	767.0	141.0	238.0	333.0	384.0	0.0	365.0	180.0	234.0	314.0	199731.0	256.0	1658.0	1015.0	239.0	178.0	210.0	340.0	386.0	221.0	28893.0	359.0	1600.0	229.0	1185.0	281.0	1041.0	28235.0	1989.0	28179.0	641.0	341.0	595.0	28125.0	1867.0	29500.0	2513.0	344.0	1075.0	28948.0	288.0	218.0	325.0	1999.0	301.0	338.0	28230.0	239.0	1094.0	2124.0	727.0	382.0	314.0	202405.0	2388.0	369.0	236.0	240.0
scaffolds132VP	1523.0	228.0	327.0	1159.0	1179.0	1958.0	317.0	1210.0	288.0	463.0	292.0	1817.0	1286.0	2115.0	1154.0	1793.0	31406.0	1238.0	1077.0	1843.0	1681.0	1425.0	273.0	1014.0	2355.0	2138.0	698.0	320.0	1266.0	1784.0	1129.0	365.0	273.0	28723.0	381.0	956.0	31204.0	27914.0	1069.0	323.0	2163.0	1092.0	225.0	943.0	1132.0	1210.0	392.0	315.0	709.0	281.0	388.0	1639.0	1281.0	1603.0	1720.0	328.0	1648.0	1753.0	1167.0	254.0	1167.0	1784.0	0.0	1740.0	125.0	261.0	200996.0	1737.0	3384.0	1780.0	329.0	1177.0	342.0	1056.0	367.0	132.0	30613.0	1752.0	1348.0	268.0	1217.0	1181.0	2307.0	29012.0	2388.0	31421.0	879.0	1176.0	1089.0	29359.0	2376.0	30196.0	2262.0	213.0	1114.0	30649.0	1826.0	341.0	436.0	2179.0	1576.0	356.0	28760.0	1749.0	2021.0	2289.0	1638.0	1117.0	1763.0	200715.0	2512.0	1123.0	1111.0	1595.0
scaffolds5A8	864.0	300.0	280.0	337.0	453.0	1013.0	436.0	767.0	241.0	277.0	276.0	1197.0	995.0	199.0	430.0	217.0	27959.0	437.0	1115.0	893.0	258.0	629.0	451.0	278.0	2346.0	1745.0	353.0	380.0	264.0	961.0	423.0	465.0	325.0	28354.0	354.0	112.0	29352.0	27503.0	399.0	343.0	1896.0	393.0	340.0	197.0	429.0	394.0	522.0	430.0	620.0	329.0	500.0	93.0	1128.0	53.0	344.0	390.0	1011.0	176.0	415.0	334.0	465.0	183.0	376.0	0.0	218.0	117.0	206692.0	152.0	1455.0	1003.0	205.0	279.0	477.0	317.0	449.0	310.0	29107.0	212.0	1552.0	229.0	1068.0	449.0	1074.0	28549.0	2271.0	27890.0	620.0	384.0	333.0	27949.0	1977.0	29218.0	2574.0	329.0	1061.0	29114.0	276.0	301.0	411.0	2230.0	58.0	259.0	28373.0	157.0	1195.0	2361.0	756.0	320.0	190.0	202650.0	2169.0	346.0	412.0	73.0
scaffolds131VP	1455.0	61.0	138.0	903.0	1024.0	1768.0	164.0	644.0	195.0	279.0	216.0	1658.0	1287.0	1926.0	1022.0	1613.0	31890.0	1055.0	975.0	1723.0	1634.0	1283.0	167.0	880.0	2008.0	1881.0	480.0	129.0	1018.0	1626.0	957.0	260.0	73.0	28441.0	183.0	926.0	31018.0	27935.0	1013.0	198.0	2179.0	980.0	124.0	786.0	996.0	943.0	283.0	153.0	697.0	87.0	261.0	1618.0	1106.0	1572.0	1640.0	172.0	1519.0	1593.0	982.0	177.0	1032.0	1808.0	143.0	1598.0	0.0	253.0	200926.0	1606.0	3188.0	1641.0	167.0	929.0	184.0	906.0	190.0	158.0	30471.0	1608.0	1314.0	50.0	1199.0	1015.0	2268.0	28598.0	2055.0	31876.0	608.0	1026.0	933.0	29366.0	2170.0	30557.0	2183.0	60.0	1112.0	30588.0	1696.0	225.0	329.0	1963.0	1574.0	167.0	28494.0	1682.0	1885.0	2049.0	1464.0	866.0	1586.0	198442.0	2229.0	943.0	974.0	1599.0
scaffolds5A12	1051.0	195.0	328.0	1672.0	1672.0	1391.0	250.0	821.0	396.0	143.0	209.0	1438.0	1923.0	1780.0	1536.0	1812.0	31082.0	1715.0	962.0	4244.0	1911.0	1836.0	313.0	1633.0	2366.0	1858.0	257.0	248.0	1613.0	4563.0	1575.0	305.0	202.0	31075.0	357.0	654.0	30675.0	28477.0	1702.0	359.0	2531.0	1599.0	381.0	414.0	1569.0	1731.0	429.0	259.0	603.0	232.0	274.0	1654.0	1094.0	1798.0	1990.0	250.0	1016.0	1665.0	1545.0	348.0	1699.0	2011.0	424.0	1773.0	269.0	0.0	199665.0	1801.0	3742.0	1402.0	183.0	1465.0	280.0	1644.0	421.0	249.0	30133.0	1921.0	1649.0	257.0	1185.0	1578.0	2688.0	31234.0	2155.0	30976.0	609.0	1582.0	1649.0	28373.0	2640.0	29917.0	2674.0	389.0	1091.0	30117.0	1897.0	249.0	214.0	2113.0	1795.0	354.0	31169.0	1769.0	2448.0	2203.0	2018.0	1692.0	1807.0	204044.0	2483.0	1670.0	1520.0	1719.0
scaffoldsARL09542	209047.0	210266.0	210295.0	210593.0	210189.0	208438.0	210328.0	208749.0	208191.0	210298.0	210223.0	208830.0	207782.0	210573.0	210320.0	210566.0	207360.0	210311.0	210400.0	207710.0	210250.0	208492.0	210374.0	210172.0	208776.0	208951.0	208888.0	210308.0	210189.0	208853.0	210311.0	210278.0	210191.0	207024.0	210314.0	208577.0	216811.0	214516.0	210235.0	210285.0	208432.0	210784.0	210284.0	208767.0	210338.0	210315.0	210309.0	210161.0	208325.0	210298.0	210300.0	210031.0	208907.0	210281.0	210271.0	210276.0	208885.0	210276.0	210285.0	208729.0	210325.0	208111.0	210294.0	210240.0	210074.0	210335.0	0.0	210133.0	208613.0	210703.0	208443.0	209954.0	210291.0	210278.0	210312.0	210072.0	205569.0	210530.0	208665.0	210237.0	208702.0	210311.0	207787.0	207288.0	209396.0	207753.0	208603.0	210064.0	210263.0	207284.0	208891.0	207192.0	208497.0	210262.0	208677.0	205492.0	210078.0	208181.0	210272.0	208906.0	210033.0	208205.0	207125.0	210030.0	210254.0	208955.0	208285.0	210167.0	210208.0	215988.0	209288.0	210275.0	210295.0	210033.0
scaffolds5A15	873.0	184.0	148.0	235.0	281.0	913.0	276.0	637.0	272.0	157.0	217.0	1074.0	937.0	135.0	294.0	110.0	27946.0	296.0	975.0	753.0	163.0	463.0	262.0	191.0	2124.0	1573.0	251.0	257.0	132.0	904.0	301.0	306.0	207.0	28422.0	223.0	165.0	29384.0	27601.0	296.0	218.0	1803.0	326.0	278.0	167.0	313.0	288.0	291.0	300.0	547.0	229.0	274.0	78.0	1036.0	73.0	258.0	294.0	914.0	92.0	267.0	214.0	307.0	208.0	284.0	93.0	248.0	83.0	204539.0	0.0	1334.0	858.0	142.0	177.0	337.0	218.0	343.0	253.0	29376.0	78.0	1576.0	256.0	984.0	320.0	1030.0	28458.0	2083.0	27957.0	587.0	231.0	240.0	27861.0	1807.0	29642.0	2540.0	238.0	1006.0	29370.0	187.0	213.0	263.0	2058.0	82.0	172.0	28528.0	121.0	1118.0	2139.0	688.0	265.0	92.0	201979.0	1898.0	231.0	251.0	46.0
scaffoldsAR0036	2546.0	2464.0	2464.0	1638.0	1730.0	3541.0	2591.0	4484.0	3717.0	2552.0	2496.0	3604.0	1530.0	1831.0	1783.0	1747.0	32986.0	1789.0	3307.0	3570.0	1879.0	3078.0	2584.0	1229.0	3997.0	4545.0	3360.0	2522.0	1506.0	3450.0	1704.0	2567.0	2430.0	29410.0	2566.0	4036.0	29308.0	29236.0	1680.0	2491.0	2300.0	1543.0	2461.0	2817.0	1850.0	1738.0	2608.0	2588.0	3443.0	2270.0	2618.0	1370.0	3353.0	1376.0	1936.0	2562.0	4322.0	1766.0	1596.0	3904.0	1746.0	1653.0	2543.0	1822.0	2102.0	2051.0	200958.0	1731.0	0.0	3589.0	3427.0	1462.0	2661.0	1528.0	2564.0	2144.0	29787.0	1665.0	2220.0	2483.0	3075.0	1811.0	4624.0	29626.0	4056.0	33196.0	3951.0	1742.0	1549.0	28703.0	2754.0	30773.0	3599.0	2384.0	2972.0	29832.0	1724.0	3158.0	2683.0	3802.0	1347.0	3842.0	29399.0	1486.0	2446.0	3856.0	4471.0	1550.0	1682.0	203036.0	4250.0	1582.0	1645.0	1334.0
scaffoldsAR96360	956.0	801.0	807.0	1635.0	1694.0	1494.0	880.0	1392.0	804.0	865.0	882.0	1052.0	1248.0	1963.0	1691.0	1622.0	31347.0	1689.0	1561.0	1774.0	1694.0	1902.0	862.0	1555.0	2107.0	2150.0	925.0	880.0	1574.0	1556.0	1699.0	883.0	799.0	28502.0	874.0	780.0	31136.0	27871.0	1698.0	871.0	2070.0	1727.0	857.0	836.0	1709.0	1704.0	871.0	905.0	1142.0	824.0	873.0	1542.0	1111.0	1534.0	1794.0	886.0	1107.0	1647.0	1670.0	843.0	1700.0	1595.0	853.0	1629.0	779.0	703.0	201126.0	1606.0	4137.0	0.0	810.0	1583.0	898.0	1641.0	900.0	779.0	29837.0	1616.0	2000.0	891.0	1022.0	1732.0	2325.0	28584.0	2143.0	31335.0	1275.0	1766.0	1607.0	28413.0	2173.0	30932.0	2180.0	832.0	1010.0	29926.0	1687.0	851.0	980.0	2026.0	1524.0	827.0	28574.0	1606.0	1942.0	2126.0	2117.0	1665.0	1606.0	199426.0	2290.0	1640.0	1673.0	1515.0
scaffoldsTV33	5702.0	1373.0	1449.0	2207.0	2318.0	2616.0	1562.0	4017.0	3051.0	1538.0	1239.0	2874.0	2266.0	2855.0	2416.0	2889.0	35674.0	2358.0	2314.0	6606.0	2918.0	4753.0	1511.0	1958.0	3446.0	5504.0	2209.0	1457.0	2233.0	6058.0	2394.0	1238.0	1482.0	29272.0	1636.0	3776.0	34735.0	32141.0	2163.0	1464.0	3814.0	2407.0	1436.0	5297.0	2450.0	2430.0	1538.0	1554.0	1678.0	1580.0	1636.0	2241.0	2335.0	2221.0	2995.0	1635.0	4690.0	2856.0	2419.0	3625.0	2442.0	2525.0	1614.0	2638.0	873.0	802.0	197554.0	2795.0	7242.0	2797.0	0.0	2336.0	1563.0	2001.0	1552.0	884.0	31363.0	2690.0	5906.0	1366.0	1693.0	2507.0	7481.0	29161.0	3055.0	35867.0	1591.0	2550.0	2229.0	33764.0	3882.0	31098.0	3922.0	1435.0	1697.0	31410.0	2993.0	1871.0	4668.0	3196.0	2220.0	3729.0	29222.0	2464.0	3022.0	3382.0	5084.0	2415.0	2587.0	202971.0	3499.0	2300.0	2425.0	2205.0
scaffoldsAR991024	1528.0	272.0	292.0	336.0	429.0	1746.0	341.0	1109.0	248.0	313.0	347.0	1768.0	1054.0	833.0	417.0	867.0	28163.0	478.0	993.0	883.0	943.0	606.0	356.0	182.0	2364.0	2361.0	416.0	375.0	313.0	1586.0	354.0	447.0	263.0	27823.0	438.0	953.0	29094.0	27900.0	395.0	374.0	1840.0	365.0	326.0	882.0	418.0	347.0	498.0	437.0	712.0	280.0	473.0	746.0	1189.0	773.0	967.0	423.0	1529.0	898.0	384.0	233.0	378.0	1005.0	424.0	853.0	174.0	164.0	200210.0	808.0	1408.0	1745.0	255.0	0.0	423.0	302.0	484.0	212.0	29654.0	864.0	1572.0	281.0	1140.0	464.0	1042.0	28158.0	2313.0	28366.0	782.0	393.0	294.0	28914.0	1979.0	29125.0	2664.0	298.0	1075.0	29766.0	896.0	362.0	409.0	2220.0	734.0	315.0	27904.0	956.0	1205.0	2313.0	833.0	377.0	840.0	201623.0	2444.0	280.0	335.0	701.0
scaffolds13105	1214.0	333.0	368.0	1225.0	1247.0	1670.0	290.0	1016.0	288.0	530.0	288.0	1541.0	1873.0	1454.0	1224.0	1608.0	32119.0	1268.0	1165.0	1311.0	1512.0	1513.0	319.0	1100.0	2545.0	1879.0	497.0	288.0	1303.0	1441.0	1276.0	255.0	321.0	28727.0	373.0	675.0	30983.0	28134.0	1128.0	283.0	2818.0	1270.0	205.0	660.0	1187.0	1326.0	344.0	300.0	722.0	351.0	307.0	1399.0	1327.0	1359.0	1509.0	308.0	1282.0	1517.0	1179.0	470.0	1235.0	1506.0	385.0	1569.0	152.0	289.0	202958.0	1521.0	3288.0	1527.0	371.0	1276.0	0.0	1148.0	382.0	136.0	30876.0	1505.0	1449.0	291.0	1152.0	1285.0	1959.0	28721.0	2594.0	32064.0	806.0	1226.0	1175.0	29848.0	2954.0	30485.0	2398.0	281.0	1141.0	30943.0	1606.0	461.0	441.0	2400.0	1352.0	458.0	28702.0	1317.0	2143.0	2582.0	1759.0	1222.0	1516.0	200983.0	2770.0	1188.0	1221.0	1388.0
scaffolds13219	1397.0	86.0	98.0	137.0	192.0	1743.0	136.0	683.0	182.0	220.0	179.0	1639.0	1092.0	750.0	185.0	742.0	28770.0	257.0	959.0	777.0	828.0	465.0	146.0	66.0	2199.0	2173.0	277.0	156.0	123.0	1609.0	163.0	273.0	92.0	28478.0	166.0	961.0	29351.0	27719.0	180.0	147.0	1904.0	237.0	143.0	777.0	184.0	191.0	277.0	152.0	688.0	108.0	254.0	748.0	1044.0	781.0	781.0	168.0	1475.0	774.0	153.0	164.0	174.0	999.0	168.0	757.0	129.0	193.0	202187.0	750.0	1556.0	1636.0	155.0	177.0	185.0	0.0	261.0	113.0	29759.0	730.0	1546.0	149.0	1126.0	234.0	973.0	28658.0	2172.0	28818.0	607.0	195.0	102.0	29285.0	1917.0	29038.0	2259.0	122.0	1046.0	29778.0	832.0	242.0	294.0	2149.0	729.0	219.0	28602.0	829.0	1087.0	2236.0	683.0	126.0	733.0	200233.0	2274.0	125.0	146.0	728.0
scaffolds113A	1130.0	309.0	353.0	1173.0	1247.0	1602.0	358.0	1076.0	258.0	437.0	348.0	1527.0	1936.0	1419.0	1253.0	1545.0	31646.0	1176.0	1152.0	1281.0	1483.0	1472.0	326.0	1046.0	2495.0	1817.0	575.0	318.0	1242.0	1503.0	1230.0	261.0	273.0	28146.0	362.0	717.0	30936.0	28589.0	1177.0	310.0	2752.0	1198.0	270.0	655.0	1221.0	1277.0	364.0	325.0	698.0	318.0	280.0	1419.0	1302.0	1384.0	1470.0	325.0	1214.0	1478.0	1215.0	249.0	1220.0	1595.0	329.0	1475.0	200.0	357.0	200816.0	1483.0	3238.0	1492.0	381.0	1299.0	364.0	1205.0	0.0	207.0	30615.0	1497.0	1419.0	297.0	1163.0	1305.0	1917.0	28248.0	2565.0	31598.0	873.0	1274.0	1138.0	29202.0	2882.0	30013.0	2364.0	262.0	1169.0	30680.0	1563.0	465.0	477.0	2389.0	1363.0	391.0	28203.0	1368.0	2127.0	2523.0	1701.0	1172.0	1495.0	201151.0	2733.0	1159.0	1187.0	1396.0
scaffolds13761	1469.0	122.0	177.0	1456.0	1411.0	1800.0	55.0	722.0	247.0	305.0	145.0	1682.0	1593.0	2022.0	1393.0	2125.0	31505.0	1600.0	971.0	1881.0	2110.0	1640.0	71.0	1406.0	2082.0	1955.0	234.0	52.0	1512.0	1653.0	1493.0	178.0	110.0	28511.0	124.0	1013.0	30974.0	27914.0	1411.0	131.0	2440.0	1439.0	64.0	829.0	1393.0	1480.0	178.0	79.0	745.0	124.0	174.0	2133.0	1121.0	2121.0	2049.0	95.0	1432.0	2119.0	1351.0	245.0	1398.0	2277.0	152.0	2138.0	124.0	299.0	200500.0	2117.0	3034.0	1683.0	211.0	1432.0	111.0	1399.0	245.0	0.0	30454.0	2103.0	1388.0	157.0	1229.0	1406.0	2821.0	28680.0	2060.0	31555.0	627.0	1407.0	1428.0	29149.0	2480.0	29876.0	2242.0	129.0	1175.0	30488.0	2202.0	264.0	224.0	1991.0	2125.0	234.0	28618.0	2212.0	2374.0	2091.0	1970.0	1442.0	2100.0	197825.0	2264.0	1432.0	1344.0	2107.0
scaffoldsTV112	30460.0	30416.0	30464.0	29655.0	29720.0	30583.0	30551.0	30217.0	30044.0	30498.0	30419.0	30059.0	28844.0	29571.0	29731.0	29694.0	32151.0	29686.0	30948.0	28213.0	29617.0	29444.0	30453.0	29566.0	29944.0	29898.0	30042.0	30559.0	29578.0	30800.0	29789.0	30449.0	30441.0	29209.0	30545.0	29850.0	26754.0	24369.0	29663.0	30440.0	29697.0	29841.0	30429.0	30200.0	29776.0	29673.0	30440.0	30500.0	30631.0	30417.0	30506.0	29399.0	29978.0	29443.0	29750.0	30577.0	30674.0	29623.0	29812.0	30217.0	29707.0	29119.0	30598.0	29626.0	30297.0	30230.0	201450.0	29554.0	30638.0	30367.0	30216.0	29658.0	30429.0	29590.0	30491.0	30324.0	0.0	29572.0	29785.0	30441.0	29761.0	29800.0	30247.0	29196.0	29688.0	32260.0	30310.0	29700.0	29675.0	29275.0	29790.0	5756.0	29814.0	30401.0	29928.0	515.0	29635.0	29917.0	30513.0	30141.0	29468.0	30117.0	29303.0	29461.0	29612.0	29819.0	29912.0	29773.0	29538.0	198736.0	29909.0	29735.0	29816.0	29414.0
scaffolds5A5	729.0	396.0	217.0	277.0	306.0	824.0	411.0	733.0	205.0	322.0	377.0	1250.0	1021.0	286.0	361.0	148.0	27800.0	329.0	1101.0	809.0	313.0	529.0	400.0	218.0	2256.0	1663.0	410.0	408.0	156.0	916.0	469.0	420.0	389.0	27941.0	239.0	305.0	29065.0	28114.0	300.0	222.0	2008.0	556.0	273.0	337.0	429.0	343.0	335.0	434.0	684.0	384.0	455.0	231.0	1201.0	193.0	278.0	435.0	790.0	302.0	420.0	158.0	293.0	335.0	385.0	189.0	367.0	242.0	201405.0	187.0	1557.0	923.0	328.0	337.0	471.0	229.0	351.0	318.0	29023.0	0.0	1554.0	479.0	1066.0	488.0	1074.0	27955.0	2368.0	27795.0	781.0	390.0	248.0	27705.0	1972.0	28692.0	2583.0	286.0	1100.0	29081.0	361.0	401.0	379.0	2323.0	63.0	211.0	28054.0	286.0	1286.0	2412.0	865.0	306.0	125.0	199601.0	2261.0	262.0	401.0	197.0
scaffoldsTV30	1823.0	897.0	636.0	2171.0	2063.0	2371.0	1000.0	2318.0	1776.0	1033.0	671.0	2575.0	1214.0	2534.0	2116.0	2390.0	31935.0	1963.0	1540.0	3752.0	2474.0	3404.0	978.0	1596.0	1964.0	3035.0	2051.0	949.0	2038.0	2400.0	2152.0	743.0	857.0	28569.0	974.0	2612.0	30341.0	28832.0	1732.0	592.0	2652.0	1904.0	506.0	1567.0	2299.0	2031.0	663.0	985.0	2144.0	911.0	909.0	2115.0	1875.0	2094.0	2351.0	1007.0	3039.0	2400.0	2074.0	2441.0	1914.0	2245.0	1049.0	2425.0	319.0	334.0	194791.0	2386.0	2929.0	1970.0	1906.0	1980.0	938.0	1576.0	894.0	365.0	29664.0	2297.0	0.0	728.0	1200.0	2361.0	5527.0	28336.0	1889.0	31856.0	2251.0	2108.0	1715.0	28489.0	2476.0	30007.0	2273.0	590.0	1207.0	29671.0	2507.0	1471.0	835.0	1918.0	1814.0	2247.0	28145.0	2082.0	2888.0	1975.0	5067.0	1817.0	2172.0	198755.0	2315.0	1759.0	2067.0	1984.0
scaffolds13432	1440.0	96.0	141.0	1398.0	1530.0	1806.0	192.0	679.0	240.0	282.0	213.0	1775.0	1651.0	1977.0	1503.0	2109.0	31663.0	1535.0	1006.0	1874.0	2189.0	1793.0	277.0	1380.0	2148.0	1919.0	263.0	155.0	1497.0	1632.0	1461.0	293.0	113.0	28604.0	223.0	898.0	31017.0	27854.0	1484.0	225.0	2459.0	1510.0	169.0	792.0	1508.0	1435.0	326.0	187.0	669.0	117.0	253.0	2179.0	1143.0	2148.0	2105.0	189.0	1562.0	2082.0	1479.0	152.0	1532.0	2263.0	162.0	2167.0	41.0	236.0	204471.0	2179.0	3302.0	1652.0	193.0	1451.0	235.0	1387.0	183.0	176.0	30757.0	2202.0	1316.0	0.0	1185.0	1497.0	2905.0	28863.0	2151.0	31558.0	626.0	1535.0	1425.0	29171.0	2481.0	29917.0	2226.0	114.0	1110.0	30734.0	2290.0	225.0	355.0	2069.0	2027.0	196.0	28661.0	2183.0	2364.0	2171.0	1933.0	1358.0	2089.0	202105.0	2357.0	1459.0	1468.0	2056.0
scaffolds12768	2014.0	1522.0	1532.0	2381.0	2435.0	2704.0	1590.0	2028.0	1591.0	1532.0	1605.0	462.0	1396.0	2926.0	2431.0	2587.0	31566.0	2437.0	2495.0	2763.0	2667.0	2608.0	1579.0	2343.0	1324.0	3461.0	1601.0	1566.0	2363.0	2676.0	2425.0	1617.0	1537.0	29020.0	1593.0	1844.0	30347.0	28268.0	2454.0	1601.0	1401.0	2445.0	1589.0	1780.0	2439.0	2428.0	1608.0	1620.0	1948.0	1542.0	1587.0	2601.0	115.0	2586.0	2725.0	1606.0	1939.0	2593.0	2419.0	1547.0	2441.0	2736.0	1615.0	2587.0	1580.0	1519.0	202609.0	2558.0	4756.0	2275.0	1514.0	2319.0	1647.0	2354.0	1650.0	1581.0	31280.0	2583.0	3220.0	1578.0	0.0	2465.0	2204.0	29088.0	1352.0	31465.0	1930.0	2437.0	2612.0	28742.0	1376.0	31521.0	1701.0	1562.0	184.0	31334.0	2676.0	1606.0	1605.0	1265.0	2584.0	1554.0	29130.0	2617.0	1708.0	1426.0	2831.0	2409.0	2579.0	200750.0	1410.0	2379.0	2400.0	2561.0
scaffolds10212	1623.0	241.0	302.0	251.0	213.0	1777.0	282.0	1063.0	258.0	399.0	144.0	1797.0	1043.0	939.0	185.0	930.0	29132.0	252.0	948.0	842.0	854.0	525.0	142.0	138.0	2260.0	2207.0	560.0	249.0	333.0	1503.0	310.0	196.0	231.0	28229.0	318.0	966.0	29710.0	27778.0	102.0	204.0	1879.0	256.0	134.0	792.0	232.0	252.0	180.0	333.0	618.0	274.0	228.0	779.0	1222.0	798.0	768.0	257.0	1331.0	833.0	273.0	287.0	168.0	1016.0	316.0	824.0	145.0	243.0	203318.0	791.0	1483.0	1701.0	234.0	294.0	332.0	162.0	413.0	150.0	30104.0	812.0	1623.0	171.0	1079.0	0.0	1105.0	28276.0	2142.0	29046.0	649.0	262.0	351.0	29566.0	2035.0	29734.0	2265.0	193.0	1136.0	30147.0	878.0	396.0	274.0	2147.0	780.0	363.0	28316.0	807.0	1249.0	2190.0	665.0	279.0	805.0	199127.0	2266.0	161.0	282.0	751.0
scaffoldsIV23	4038.0	1367.0	1486.0	1323.0	1327.0	2919.0	1442.0	3920.0	3222.0	1457.0	1174.0	1412.0	1376.0	1393.0	1172.0	1498.0	30672.0	1231.0	2228.0	1358.0	1328.0	3348.0	1231.0	979.0	2419.0	5072.0	1555.0	1417.0	1321.0	4694.0	1272.0	1176.0	1434.0	28925.0	1618.0	3359.0	29534.0	29313.0	1018.0	1353.0	1664.0	1118.0	1373.0	3789.0	1173.0	1393.0	1316.0	1519.0	4199.0	1386.0	1317.0	977.0	1102.0	998.0	1461.0	1395.0	3601.0	1253.0	1199.0	3470.0	1305.0	1255.0	1662.0	1252.0	1049.0	1053.0	203602.0	1193.0	4719.0	2453.0	3951.0	1154.0	1403.0	1072.0	1691.0	1046.0	30154.0	1301.0	4976.0	1267.0	810.0	1098.0	0.0	28710.0	1889.0	30745.0	4338.0	1194.0	1114.0	30561.0	1768.0	31350.0	2391.0	1413.0	794.0	30133.0	1292.0	1413.0	3401.0	2048.0	1125.0	4116.0	28746.0	1159.0	905.0	2237.0	4191.0	1302.0	1239.0	201805.0	2421.0	1212.0	1175.0	988.0
scaffoldsTV103	27605.0	27814.0	27943.0	28299.0	28308.0	27983.0	27958.0	28257.0	27539.0	31072.0	27986.0	27579.0	27859.0	28115.0	28279.0	28259.0	14948.0	28303.0	27932.0	32499.0	28317.0	28338.0	28001.0	28373.0	27704.0	28558.0	27549.0	27957.0	28343.0	29743.0	28303.0	27988.0	27946.0	455.0	28043.0	27689.0	28822.0	27956.0	28267.0	27978.0	27930.0	28364.0	27971.0	27799.0	28410.0	28291.0	27922.0	28015.0	27685.0	27932.0	27980.0	27972.0	27525.0	27973.0	28353.0	27943.0	27731.0	28275.0	28399.0	27785.0	28256.0	28132.0	27949.0	28157.0	27691.0	32347.0	202522.0	28269.0	29382.0	28004.0	27714.0	28339.0	27935.0	28398.0	27905.0	27735.0	28451.0	28254.0	28515.0	27846.0	27306.0	28274.0	28036.0	0.0	27629.0	14691.0	27673.0	28375.0	28229.0	14018.0	27943.0	28562.0	27728.0	27984.0	27321.0	28397.0	28264.0	27466.0	28033.0	27706.0	28039.0	28087.0	538.0	28065.0	28398.0	27779.0	32625.0	28405.0	28268.0	206146.0	27462.0	28307.0	28451.0	27942.0
scaffoldsVV9	2224.0	2169.0	2139.0	3014.0	3126.0	3028.0	2255.0	2050.0	1994.0	2216.0	2006.0	1330.0	1009.0	2953.0	3140.0	3106.0	30825.0	3163.0	2850.0	2159.0	3184.0	3007.0	2201.0	2682.0	812.0	2530.0	2166.0	2228.0	2826.0	2988.0	3061.0	2255.0	2235.0	28698.0	2243.0	2230.0	30753.0	27932.0	2919.0	2161.0	1159.0	3012.0	2192.0	2372.0	3226.0	2976.0	2478.0	2291.0	2480.0	2102.0	2389.0	2794.0	811.0	2822.0	3188.0	2264.0	2536.0	3092.0	2962.0	2202.0	3049.0	2977.0	2271.0	3080.0	1916.0	1855.0	201194.0	2960.0	3638.0	2907.0	2130.0	2830.0	2204.0	2761.0	2267.0	1990.0	29437.0	2962.0	2273.0	2142.0	727.0	3095.0	3114.0	28971.0	0.0	30948.0	2394.0	2999.0	2904.0	28045.0	1094.0	30975.0	1323.0	2270.0	585.0	29559.0	3189.0	2203.0	2182.0	767.0	2851.0	2806.0	28854.0	3007.0	2176.0	891.0	3361.0	2930.0	3038.0	207303.0	1181.0	2964.0	3000.0	2815.0
scaffoldsTV148	31728.0	29844.0	29867.0	26912.0	26966.0	30575.0	29914.0	30942.0	30806.0	29840.0	29816.0	29453.0	26803.0	26933.0	27000.0	26880.0	353.0	26878.0	30281.0	28721.0	26863.0	28027.0	29916.0	26877.0	29438.0	31227.0	30548.0	29870.0	26896.0	31751.0	26946.0	29882.0	29918.0	14526.0	29909.0	30934.0	34957.0	28949.0	26880.0	29901.0	27229.0	26911.0	29885.0	31368.0	26973.0	26970.0	29861.0	29897.0	31473.0	30010.0	29908.0	26743.0	29394.0	26735.0	27054.0	29879.0	31487.0	26862.0	26996.0	30958.0	26960.0	26829.0	29869.0	26892.0	29738.0	29713.0	201622.0	26826.0	31524.0	29871.0	31220.0	26911.0	29932.0	26933.0	29865.0	29804.0	31328.0	26891.0	31500.0	29898.0	29281.0	26977.0	29724.0	14429.0	29610.0	0.0	31540.0	27028.0	27176.0	2343.0	27292.0	30677.0	29272.0	29828.0	29331.0	31425.0	26956.0	30201.0	31353.0	29939.0	26759.0	31102.0	14552.0	26752.0	26586.0	29461.0	29867.0	26924.0	26860.0	199206.0	29344.0	26929.0	27001.0	26780.0
scaffoldsTV13	5358.0	646.0	731.0	1686.0	1758.0	1784.0	834.0	3357.0	2669.0	627.0	642.0	2115.0	2115.0	2116.0	1845.0	2116.0	35580.0	1726.0	1009.0	5892.0	2267.0	4234.0	804.0	1492.0	2708.0	4738.0	1537.0	817.0	1695.0	5280.0	1739.0	791.0	626.0	28356.0	793.0	3323.0	34179.0	31609.0	1671.0	679.0	3217.0	1822.0	658.0	4995.0	1773.0	1790.0	813.0	859.0	555.0	664.0	783.0	1937.0	1439.0	1939.0	2425.0	756.0	4002.0	2171.0	1753.0	2883.0	1663.0	2202.0	756.0	2179.0	429.0	375.0	197923.0	2099.0	7052.0	2095.0	340.0	1621.0	721.0	1547.0	799.0	477.0	30600.0	2085.0	5659.0	561.0	1435.0	1737.0	6772.0	28454.0	2565.0	35807.0	0.0	1827.0	1561.0	34103.0	3219.0	30455.0	3328.0	600.0	1309.0	30691.0	2181.0	1136.0	4548.0	2667.0	1965.0	2918.0	28364.0	2158.0	2501.0	2733.0	3873.0	1698.0	2085.0	198771.0	2774.0	1656.0	1738.0	1906.0
scaffoldsTV102	4967.0	3823.0	3827.0	3863.0	3846.0	4736.0	3818.0	4884.0	3824.0	3961.0	3682.0	5187.0	4408.0	4143.0	3821.0	4149.0	31997.0	3921.0	4719.0	4630.0	4140.0	4269.0	3790.0	3654.0	5917.0	5939.0	4173.0	3798.0	3872.0	4795.0	3933.0	3778.0	3890.0	31632.0	3899.0	4035.0	31805.0	30134.0	3778.0	3814.0	5503.0	3896.0	3702.0	4353.0	3853.0	3885.0	3833.0	3914.0	4357.0	3868.0	3895.0	3673.0	4934.0	3670.0	4089.0	3840.0	4885.0	4203.0	3846.0	4134.0	3869.0	3932.0	3892.0	4140.0	3387.0	3484.0	206715.0	4067.0	5009.0	5191.0	4023.0	3867.0	3870.0	3688.0	3962.0	3384.0	32519.0	4120.0	5287.0	3826.0	4454.0	3842.0	4629.0	31837.0	6214.0	32181.0	4573.0	0.0	3715.0	32024.0	5743.0	32111.0	5678.0	3871.0	4518.0	32497.0	4138.0	4244.0	3964.0	6039.0	3679.0	4064.0	31597.0	3932.0	4822.0	6136.0	4447.0	3838.0	4066.0	206702.0	5957.0	3855.0	3831.0	3660.0
scaffolds10105	1008.0	157.0	179.0	145.0	200.0	1342.0	252.0	826.0	223.0	258.0	267.0	1341.0	990.0	476.0	243.0	499.0	28933.0	301.0	902.0	858.0	544.0	531.0	264.0	104.0	2232.0	1960.0	451.0	220.0	185.0	1197.0	182.0	379.0	175.0	28482.0	310.0	618.0	29515.0	27404.0	192.0	242.0	1843.0	257.0	242.0	503.0	238.0	156.0	400.0	302.0	715.0	137.0	377.0	421.0	1126.0	404.0	551.0	250.0	1156.0	502.0	238.0	204.0	182.0	675.0	249.0	500.0	142.0	207.0	199615.0	492.0	1338.0	1346.0	222.0	224.0	306.0	133.0	242.0	170.0	29305.0	455.0	1569.0	245.0	1157.0	269.0	1034.0	28598.0	2257.0	28898.0	777.0	287.0	0.0	28896.0	1887.0	28597.0	2204.0	178.0	1068.0	29163.0	539.0	292.0	364.0	2205.0	411.0	265.0	28575.0	616.0	1144.0	2267.0	785.0	215.0	480.0	196654.0	2394.0	115.0	246.0	392.0
scaffoldsTV106	27635.0	27123.0	27123.0	26941.0	26918.0	27523.0	27127.0	28006.0	27815.0	27040.0	27023.0	26809.0	26123.0	26830.0	26945.0	26844.0	2011.0	26861.0	27409.0	28272.0	26788.0	27786.0	27048.0	26758.0	26995.0	28240.0	27585.0	27174.0	26840.0	27506.0	26943.0	27012.0	26965.0	13033.0	27423.0	27749.0	30567.0	27503.0	26820.0	27050.0	26675.0	26833.0	27047.0	27119.0	26961.0	26874.0	26983.0	27130.0	28556.0	27081.0	27002.0	26574.0	26803.0	26613.0	26915.0	27176.0	28379.0	26797.0	26958.0	27833.0	26979.0	26561.0	27115.0	26858.0	26878.0	26811.0	196958.0	26737.0	27111.0	27075.0	28453.0	26591.0	27077.0	26764.0	27168.0	26901.0	28402.0	26732.0	27271.0	27022.0	26496.0	26916.0	29035.0	12938.0	26484.0	1701.0	28786.0	26835.0	26973.0	0.0	26809.0	28781.0	26835.0	27045.0	26601.0	28605.0	26880.0	26954.0	27145.0	26942.0	26644.0	27980.0	12846.0	26575.0	26811.0	26825.0	29981.0	26904.0	26709.0	198025.0	26930.0	26770.0	26925.0	26621.0
scaffoldsAR01912	2221.0	2071.0	2101.0	2058.0	2181.0	2801.0	2188.0	2170.0	2074.0	2202.0	2108.0	1365.0	209.0	2223.0	2174.0	2223.0	28338.0	2216.0	2581.0	1127.0	2250.0	2057.0	2142.0	1928.0	290.0	2784.0	2500.0	2155.0	1965.0	2764.0	2122.0	2252.0	2104.0	28179.0	2143.0	2379.0	28965.0	28011.0	2108.0	2091.0	182.0	2025.0	2098.0	2375.0	2281.0	2160.0	2286.0	2182.0	2428.0	2083.0	2238.0	2144.0	1020.0	2112.0	2288.0	2188.0	2368.0	2168.0	2092.0	2043.0	2199.0	2233.0	2145.0	2177.0	2011.0	2011.0	205991.0	2182.0	2541.0	2854.0	2112.0	1965.0	2198.0	1931.0	2151.0	2096.0	28631.0	2190.0	2470.0	2067.0	1034.0	2238.0	1121.0	28347.0	495.0	28335.0	2440.0	2114.0	2030.0	28065.0	0.0	30701.0	755.0	2048.0	923.0	28630.0	2263.0	2193.0	2153.0	334.0	2090.0	2372.0	28260.0	2301.0	1489.0	411.0	1850.0	2000.0	2168.0	203785.0	488.0	2082.0	2086.0	2122.0
scaffoldsAR01215	31926.0	31357.0	31449.0	30376.0	30339.0	32082.0	31417.0	32061.0	31617.0	31789.0	31406.0	32461.0	30286.0	30868.0	30350.0	30973.0	34349.0	30434.0	31444.0	30084.0	30951.0	30657.0	31480.0	30290.0	32827.0	32654.0	31916.0	31435.0	30619.0	31801.0	30450.0	31426.0	31395.0	29529.0	31438.0	31894.0	30178.0	25967.0	30299.0	31389.0	31167.0	30379.0	31381.0	32059.0	30395.0	30351.0	31387.0	31408.0	31537.0	31384.0	31450.0	30567.0	32218.0	30696.0	30557.0	31369.0	32133.0	30964.0	30339.0	31645.0	30339.0	30736.0	31440.0	30947.0	31106.0	31445.0	202219.0	30936.0	32534.0	32359.0	31791.0	30728.0	31383.0	30349.0	31444.0	31084.0	6793.0	30986.0	31905.0	31308.0	31933.0	30349.0	31923.0	29710.0	32441.0	34506.0	31909.0	30353.0	30336.0	31100.0	31364.0	0.0	31749.0	31407.0	31902.0	6803.0	30895.0	31515.0	31377.0	32784.0	30657.0	32162.0	29569.0	30804.0	31093.0	32836.0	31137.0	30377.0	30944.0	200539.0	32624.0	30316.0	30373.0	30621.0
scaffoldsVV5	4730.0	4552.0	4441.0	5450.0	5576.0	5266.0	4584.0	5108.0	4174.0	4926.0	3951.0	3914.0	2183.0	5964.0	5681.0	5881.0	32774.0	5519.0	4862.0	3766.0	5815.0	5816.0	4564.0	4606.0	2989.0	5619.0	5382.0	4477.0	5570.0	5608.0	5441.0	4143.0	4453.0	30697.0	4593.0	4228.0	33073.0	30185.0	5203.0	4359.0	2917.0	5346.0	4320.0	5513.0	5641.0	5493.0	4548.0	4427.0	5243.0	4410.0	4635.0	4916.0	3401.0	4909.0	5512.0	4507.0	4642.0	5800.0	5463.0	5149.0	5530.0	5051.0	4555.0	5763.0	3455.0	3882.0	199591.0	5599.0	6932.0	5084.0	4822.0	5744.0	4530.0	5034.0	4580.0	3565.0	31769.0	5801.0	5093.0	4236.0	2505.0	5577.0	5315.0	30644.0	2949.0	32948.0	5335.0	5528.0	5334.0	30240.0	3009.0	33678.0	0.0	4381.0	2460.0	31675.0	5699.0	4910.0	4866.0	2878.0	4964.0	5089.0	30416.0	5199.0	5045.0	2991.0	5973.0	5402.0	5684.0	202875.0	2979.0	5409.0	5427.0	4933.0
scaffolds13106	1048.0	149.0	210.0	1432.0	1573.0	1503.0	248.0	784.0	244.0	351.0	284.0	1391.0	1521.0	1704.0	1567.0	1822.0	31961.0	1491.0	1051.0	1948.0	1837.0	1842.0	241.0	1406.0	2316.0	1718.0	341.0	208.0	1555.0	1341.0	1457.0	231.0	148.0	28496.0	259.0	644.0	30698.0	28056.0	1545.0	276.0	2401.0	1492.0	193.0	549.0	1553.0	1510.0	255.0	198.0	632.0	131.0	238.0	1759.0	1193.0	1719.0	1799.0	246.0	1163.0	1804.0	1524.0	244.0	1589.0	1947.0	198.0	1811.0	59.0	265.0	204421.0	1810.0	3056.0	1378.0	269.0	1468.0	251.0	1446.0	265.0	162.0	30521.0	1818.0	1346.0	192.0	1104.0	1580.0	2938.0	28525.0	2399.0	31843.0	723.0	1573.0	1474.0	29141.0	2487.0	30898.0	2264.0	0.0	1113.0	30599.0	1896.0	295.0	416.0	2264.0	1712.0	200.0	28561.0	1757.0	2411.0	2352.0	2035.0	1414.0	1789.0	200452.0	2512.0	1488.0	1514.0	1759.0
scaffolds120320	1983.0	1527.0	1552.0	2644.0	2774.0	2691.0	1638.0	1985.0	1531.0	1561.0	1607.0	474.0	1714.0	2729.0	2779.0	2863.0	31698.0	2721.0	2484.0	2719.0	2909.0	2940.0	1632.0	2646.0	1357.0	3312.0	1583.0	1620.0	2602.0	2699.0	2675.0	1678.0	1557.0	28990.0	1620.0	1808.0	30298.0	28279.0	2739.0	1606.0	1752.0	2713.0	1625.0	1786.0	2728.0	2708.0	1722.0	1633.0	2008.0	1531.0	1710.0	2862.0	141.0	2832.0	3033.0	1631.0	1971.0	2823.0	2755.0	1516.0	2768.0	2968.0	1616.0	2848.0	1546.0	1531.0	204822.0	2845.0	4255.0	2294.0	1538.0	2609.0	1642.0	2638.0	1641.0	1641.0	30997.0	2841.0	3093.0	1541.0	209.0	2782.0	2715.0	29124.0	1393.0	31659.0	1942.0	2768.0	2653.0	28946.0	1654.0	30962.0	1774.0	1551.0	0.0	30923.0	2945.0	1569.0	1635.0	1346.0	2828.0	1538.0	29066.0	2892.0	1964.0	1434.0	3111.0	2648.0	2864.0	200405.0	1513.0	2664.0	2740.0	2851.0
scaffoldsTV126	30282.0	30283.0	30337.0	29452.0	29428.0	30462.0	30283.0	30023.0	29950.0	30299.0	30315.0	29915.0	28989.0	29380.0	29415.0	29394.0	31740.0	29454.0	30862.0	28210.0	29418.0	29199.0	30310.0	29497.0	29953.0	29712.0	29816.0	30293.0	29464.0	30587.0	29499.0	30313.0	30308.0	29088.0	30318.0	29869.0	26914.0	24520.0	29446.0	30308.0	29771.0	29620.0	30319.0	30023.0	29468.0	29457.0	30308.0	30307.0	30456.0	30313.0	30305.0	29319.0	29775.0	29357.0	29416.0	30299.0	30387.0	29415.0	29483.0	30014.0	29437.0	29048.0	30351.0	29417.0	30288.0	30232.0	201777.0	29413.0	30529.0	30195.0	30033.0	29462.0	30309.0	29476.0	30363.0	30246.0	376.0	29403.0	29668.0	30330.0	29737.0	29438.0	29953.0	29033.0	29709.0	31838.0	30192.0	29400.0	29457.0	29134.0	29703.0	5492.0	29909.0	30346.0	29742.0	0.0	29499.0	29734.0	30285.0	30296.0	29365.0	30068.0	29262.0	29329.0	29422.0	29960.0	29620.0	29529.0	29403.0	198484.0	29940.0	29451.0	29487.0	29330.0
scaffolds5A9	758.0	200.0	161.0	230.0	314.0	805.0	287.0	727.0	242.0	168.0	258.0	1090.0	968.0	119.0	300.0	112.0	28443.0	298.0	955.0	793.0	222.0	491.0	278.0	188.0	2199.0	1682.0	279.0	258.0	143.0	922.0	296.0	309.0	206.0	28200.0	236.0	199.0	29385.0	27535.0	323.0	246.0	1820.0	309.0	271.0	203.0	308.0	300.0	304.0	318.0	531.0	222.0	284.0	90.0	1052.0	59.0	305.0	315.0	866.0	142.0	262.0	200.0	297.0	200.0	317.0	126.0	219.0	100.0	205298.0	102.0	1370.0	898.0	167.0	162.0	346.0	218.0	346.0	229.0	29301.0	99.0	1576.0	297.0	985.0	321.0	902.0	28231.0	2170.0	28384.0	620.0	224.0	206.0	28153.0	1863.0	29449.0	2555.0	237.0	1012.0	29304.0	0.0	245.0	257.0	2123.0	75.0	187.0	28322.0	144.0	1124.0	2198.0	707.0	262.0	113.0	201988.0	2209.0	238.0	252.0	63.0
scaffoldsTV9	2606.0	913.0	1116.0	1999.0	2052.0	2463.0	1109.0	2418.0	1421.0	1050.0	935.0	2416.0	1974.0	2483.0	2108.0	2609.0	31836.0	2160.0	1761.0	2535.0	2453.0	3037.0	1058.0	1813.0	3144.0	3704.0	1288.0	1056.0	1985.0	2973.0	2125.0	1103.0	1048.0	28317.0	1107.0	2017.0	31075.0	29612.0	1888.0	1020.0	3278.0	1907.0	978.0	2050.0	2075.0	2123.0	1233.0	1077.0	2163.0	1047.0	1168.0	2050.0	1913.0	2006.0	2718.0	1090.0	3093.0	2509.0	2079.0	1775.0	2057.0	2209.0	968.0	2545.0	545.0	497.0	201654.0	2527.0	4454.0	2392.0	1513.0	2037.0	1114.0	1807.0	1155.0	560.0	30763.0	2478.0	2580.0	933.0	1515.0	2136.0	3208.0	28344.0	2848.0	31866.0	2200.0	2237.0	1912.0	29332.0	3359.0	29796.0	3641.0	913.0	1341.0	30642.0	2547.0	0.0	1661.0	3001.0	2012.0	1791.0	28200.0	2408.0	2827.0	3062.0	2870.0	2066.0	2506.0	200818.0	3318.0	2011.0	2035.0	2017.0
scaffoldsTV32	1290.0	551.0	565.0	1385.0	1454.0	1609.0	526.0	2741.0	1666.0	675.0	413.0	1686.0	1653.0	1446.0	1347.0	1654.0	34582.0	1384.0	1316.0	4066.0	1802.0	3090.0	643.0	1236.0	2901.0	3598.0	1275.0	451.0	1326.0	1437.0	1557.0	404.0	608.0	28671.0	658.0	2108.0	31616.0	28584.0	1304.0	480.0	2616.0	1425.0	591.0	841.0	1400.0	1537.0	535.0	598.0	1720.0	495.0	569.0	1408.0	1433.0	1396.0	1579.0	513.0	2752.0	1678.0	1403.0	1985.0	1393.0	1580.0	587.0	1668.0	222.0	227.0	202030.0	1727.0	3168.0	1770.0	1557.0	1304.0	569.0	1325.0	622.0	201.0	30987.0	1697.0	1630.0	632.0	1118.0	1327.0	4720.0	28900.0	2790.0	34569.0	2086.0	1441.0	1420.0	29727.0	2697.0	30466.0	2534.0	560.0	1120.0	30929.0	1729.0	1170.0	0.0	2507.0	1272.0	1959.0	28601.0	1336.0	2254.0	2729.0	4435.0	1373.0	1573.0	202525.0	3088.0	1344.0	1450.0	1255.0
scaffoldsIV22	2552.0	2215.0	2220.0	3477.0	3547.0	2888.0	2270.0	2294.0	2120.0	2317.0	2217.0	1535.0	1009.0	3509.0	3536.0	3631.0	31375.0	3642.0	2634.0	2182.0	3779.0	3396.0	2385.0	3217.0	640.0	2883.0	2323.0	2268.0	3343.0	2898.0	3513.0	2340.0	2267.0	28962.0	2286.0	2351.0	30362.0	28461.0	3413.0	2280.0	992.0	3514.0	2295.0	2728.0	3694.0	3508.0	2424.0	2293.0	2731.0	2207.0	2402.0	3367.0	1239.0	3488.0	3731.0	2285.0	2616.0	3671.0	3440.0	2448.0	3536.0	3498.0	2313.0	3701.0	2023.0	1988.0	205075.0	3615.0	4051.0	3075.0	2417.0	3373.0	2328.0	3219.0	2318.0	2051.0	29708.0	3611.0	2372.0	2217.0	978.0	3547.0	3098.0	29077.0	588.0	31342.0	2601.0	3510.0	3463.0	28861.0	1014.0	32015.0	949.0	2246.0	1006.0	29643.0	3780.0	2413.0	2398.0	0.0	3406.0	2552.0	28807.0	3604.0	2878.0	516.0	3256.0	3385.0	3531.0	202673.0	914.0	3477.0	3413.0	3371.0
scaffolds5A4	791.0	159.0	147.0	173.0	282.0	812.0	295.0	595.0	187.0	147.0	213.0	1063.0	1009.0	88.0	379.0	105.0	28236.0	326.0	929.0	751.0	158.0	518.0	299.0	173.0	2151.0	1519.0	232.0	258.0	124.0	827.0	258.0	388.0	193.0	28242.0	222.0	133.0	29289.0	27492.0	275.0	207.0	1914.0	284.0	242.0	159.0	301.0	271.0	403.0	284.0	665.0	192.0	402.0	103.0	1031.0	70.0	247.0	272.0	871.0	57.0	286.0	181.0	317.0	192.0	232.0	113.0	206.0	104.0	205146.0	89.0	1337.0	845.0	143.0	170.0	310.0	179.0	270.0	286.0	28830.0	81.0	1553.0	200.0	1126.0	342.0	1076.0	28409.0	2133.0	28226.0	564.0	248.0	212.0	28196.0	1859.0	29065.0	2641.0	175.0	1003.0	28893.0	177.0	176.0	241.0	2134.0	0.0	126.0	28314.0	223.0	1066.0	2234.0	679.0	206.0	74.0	201298.0	2190.0	209.0	270.0	73.0
scaffoldsAR01673	3412.0	1308.0	1310.0	2397.0	2520.0	2532.0	1422.0	2004.0	1112.0	1306.0	1310.0	2753.0	2877.0	2733.0	2579.0	2961.0	33213.0	2494.0	2001.0	4839.0	2995.0	2761.0	1370.0	2266.0	3659.0	3189.0	1877.0	1349.0	2365.0	3887.0	2401.0	1354.0	1319.0	29599.0	1342.0	1820.0	31672.0	29111.0	2421.0	1305.0	3714.0	2375.0	1286.0	3121.0	2504.0	2491.0	1482.0	1364.0	1607.0	1093.0	1494.0	2751.0	2211.0	2734.0	3097.0	1360.0	2368.0	2908.0	2499.0	1172.0	2508.0	2966.0	1353.0	2951.0	1083.0	1080.0	204770.0	2897.0	5606.0	2685.0	1198.0	2346.0	1414.0	2346.0	1386.0	1154.0	30892.0	2905.0	3660.0	1189.0	2089.0	2543.0	5838.0	29942.0	3418.0	33288.0	1738.0	2610.0	2333.0	31168.0	3919.0	31929.0	3787.0	1204.0	1950.0	30974.0	2952.0	1807.0	2804.0	3519.0	2685.0	0.0	29579.0	2825.0	3256.0	3659.0	5563.0	2386.0	2869.0	202862.0	3866.0	2370.0	2485.0	2708.0
scaffoldsTV121	27481.0	27685.0	27811.0	28119.0	28191.0	27924.0	27825.0	28049.0	27461.0	30923.0	27806.0	27473.0	28139.0	27947.0	28215.0	28088.0	15051.0	28091.0	27810.0	32709.0	28118.0	28206.0	27885.0	28172.0	27926.0	28380.0	27779.0	27843.0	28209.0	29588.0	28142.0	27832.0	27788.0	402.0	27830.0	27683.0	29232.0	28233.0	28113.0	27841.0	28234.0	28163.0	27830.0	27602.0	28193.0	28169.0	27837.0	27828.0	27561.0	27730.0	27888.0	27868.0	27419.0	27895.0	28197.0	27791.0	27617.0	28116.0	28274.0	27563.0	28171.0	28138.0	27757.0	28050.0	27596.0	32200.0	195398.0	28104.0	29206.0	27925.0	27580.0	28182.0	27810.0	28255.0	27803.0	27669.0	28847.0	28150.0	28296.0	27749.0	27272.0	28202.0	28183.0	485.0	27880.0	14576.0	27557.0	28289.0	28126.0	13762.0	28257.0	28416.0	27861.0	27779.0	27232.0	28887.0	28137.0	27316.0	27842.0	27958.0	27910.0	28111.0	0.0	28011.0	28254.0	27963.0	32792.0	28230.0	28148.0	200470.0	27633.0	28159.0	28302.0	27901.0
scaffolds5A2	814.0	148.0	215.0	149.0	329.0	852.0	273.0	652.0	127.0	223.0	237.0	1091.0	1058.0	86.0	284.0	139.0	28429.0	158.0	916.0	807.0	159.0	482.0	268.0	160.0	2214.0	1600.0	199.0	266.0	131.0	853.0	173.0	220.0	167.0	28349.0	267.0	143.0	29342.0	27519.0	248.0	217.0	1931.0	195.0	227.0	179.0	277.0	225.0	280.0	230.0	580.0	152.0	245.0	135.0	1024.0	81.0	287.0	282.0	899.0	120.0	267.0	132.0	321.0	199.0	268.0	97.0	164.0	162.0	204488.0	104.0	1349.0	938.0	169.0	150.0	262.0	135.0	233.0	246.0	29143.0	84.0	1605.0	205.0	1037.0	301.0	1057.0	28404.0	2189.0	28330.0	566.0	310.0	169.0	28287.0	1927.0	29388.0	2598.0	168.0	1010.0	29191.0	201.0	224.0	333.0	2204.0	96.0	147.0	28423.0	0.0	1047.0	2246.0	670.0	141.0	114.0	200845.0	2310.0	227.0	247.0	105.0
scaffoldsAR99190	1876.0	1038.0	1105.0	1065.0	1151.0	2562.0	1121.0	1772.0	1012.0	1113.0	1063.0	1017.0	1071.0	1618.0	1149.0	1648.0	28531.0	1245.0	1763.0	919.0	1614.0	1346.0	1087.0	985.0	1645.0	3081.0	1232.0	1078.0	1034.0	2354.0	1115.0	1163.0	1068.0	28522.0	1093.0	1705.0	29005.0	27359.0	1099.0	1092.0	1088.0	1066.0	1037.0	1674.0	1118.0	1168.0	1253.0	1115.0	1437.0	1074.0	1248.0	1476.0	369.0	1425.0	1685.0	1090.0	1859.0	1595.0	1082.0	894.0	1143.0	1646.0	1070.0	1580.0	907.0	912.0	205111.0	1605.0	2168.0	2294.0	1082.0	1041.0	1129.0	1049.0	1160.0	930.0	29945.0	1614.0	2266.0	1128.0	348.0	1157.0	309.0	28805.0	1739.0	28573.0	1619.0	1153.0	1078.0	29091.0	1229.0	29522.0	1934.0	1039.0	231.0	29890.0	1656.0	1074.0	1157.0	1551.0	1437.0	1086.0	28545.0	1713.0	0.0	1665.0	1545.0	1100.0	1588.0	199359.0	1738.0	1065.0	1115.0	1428.0
scaffoldsVV14	3281.0	2539.0	2707.0	3589.0	3743.0	3333.0	2673.0	2728.0	2658.0	2700.0	2525.0	1844.0	1372.0	3982.0	3661.0	3778.0	31357.0	3673.0	2956.0	2791.0	3749.0	3428.0	2571.0	3373.0	1065.0	3213.0	2701.0	2661.0	3477.0	3383.0	3530.0	2618.0	2588.0	28788.0	2826.0	2651.0	30800.0	29020.0	3707.0	2764.0	1329.0	3472.0	2751.0	2953.0	3728.0	3684.0	2848.0	2557.0	2945.0	2546.0	2724.0	3357.0	1579.0	3362.0	3857.0	2715.0	3318.0	3646.0	3444.0	2840.0	3761.0	3457.0	2784.0	3642.0	2301.0	2305.0	199365.0	3623.0	4729.0	3488.0	2658.0	3373.0	2736.0	3414.0	2764.0	2381.0	29214.0	3722.0	2997.0	2578.0	1273.0	3579.0	3204.0	28904.0	1101.0	31367.0	2927.0	3576.0	3621.0	28514.0	1416.0	32009.0	1438.0	2706.0	1269.0	29377.0	3709.0	2705.0	2765.0	930.0	3500.0	3053.0	28844.0	3502.0	2977.0	0.0	3473.0	3488.0	3690.0	199747.0	1442.0	3622.0	3485.0	3330.0
scaffoldsIV18	4085.0	693.0	758.0	738.0	819.0	1686.0	764.0	3680.0	2751.0	735.0	692.0	1994.0	1479.0	974.0	835.0	976.0	30995.0	924.0	1254.0	5883.0	1216.0	3317.0	852.0	549.0	3063.0	4743.0	1184.0	810.0	724.0	7202.0	857.0	958.0	829.0	31545.0	866.0	3086.0	30842.0	29740.0	719.0	850.0	2603.0	884.0	755.0	3576.0	849.0	811.0	920.0	851.0	690.0	671.0	940.0	648.0	1703.0	792.0	1171.0	841.0	3902.0	987.0	838.0	3108.0	833.0	969.0	853.0	975.0	472.0	520.0	203457.0	926.0	4346.0	1906.0	564.0	774.0	810.0	668.0	849.0	563.0	29858.0	1102.0	4521.0	754.0	1589.0	762.0	3681.0	31655.0	2770.0	31127.0	643.0	994.0	720.0	31591.0	2530.0	29736.0	3342.0	773.0	1530.0	29867.0	1107.0	1017.0	3358.0	2809.0	730.0	3661.0	31513.0	939.0	1781.0	2977.0	0.0	819.0	965.0	206710.0	2948.0	729.0	783.0	674.0
scaffolds13109	1462.0	306.0	329.0	307.0	453.0	1964.0	461.0	1132.0	209.0	466.0	270.0	1899.0	1079.0	940.0	427.0	952.0	28845.0	385.0	1093.0	900.0	967.0	638.0	270.0	94.0	2371.0	2278.0	358.0	401.0	372.0	1667.0	323.0	362.0	253.0	28468.0	420.0	934.0	29581.0	27736.0	289.0	272.0	1929.0	281.0	210.0	832.0	429.0	370.0	417.0	397.0	714.0	301.0	420.0	768.0	1349.0	794.0	893.0	405.0	1622.0	880.0	404.0	238.0	404.0	1012.0	394.0	860.0	57.0	230.0	203018.0	877.0	1749.0	1750.0	260.0	369.0	473.0	150.0	392.0	201.0	29862.0	900.0	1536.0	113.0	1160.0	455.0	1213.0	28659.0	2323.0	28874.0	821.0	462.0	213.0	29622.0	2095.0	29136.0	2272.0	170.0	1072.0	29912.0	934.0	482.0	483.0	2244.0	726.0	398.0	28543.0	851.0	1268.0	2416.0	759.0	0.0	837.0	200816.0	2482.0	223.0	407.0	766.0
scaffolds5A18	735.0	209.0	151.0	224.0	287.0	779.0	259.0	636.0	209.0	151.0	239.0	1085.0	1025.0	119.0	277.0	82.0	28351.0	286.0	898.0	776.0	195.0	453.0	260.0	181.0	2204.0	1612.0	200.0	249.0	107.0	858.0	276.0	290.0	204.0	28359.0	217.0	180.0	29410.0	27593.0	302.0	212.0	1889.0	301.0	249.0	141.0	296.0	283.0	270.0	289.0	544.0	225.0	273.0	89.0	1016.0	75.0	268.0	306.0	797.0	118.0	260.0	183.0	293.0	191.0	291.0	108.0	220.0	110.0	204879.0	82.0	1318.0	865.0	131.0	128.0	316.0	185.0	319.0	240.0	29215.0	73.0	1557.0	264.0	985.0	340.0	974.0	28445.0	2174.0	28282.0	562.0	214.0	210.0	28227.0	1897.0	29429.0	2564.0	212.0	1007.0	29288.0	182.0	207.0	233.0	2151.0	65.0	149.0	28506.0	137.0	1092.0	2226.0	659.0	248.0	0.0	200693.0	2208.0	227.0	236.0	61.0
scaffoldsVV15	202389.0	202271.0	202298.0	202476.0	202284.0	201535.0	202503.0	202318.0	201685.0	202538.0	201942.0	201705.0	204466.0	202066.0	202461.0	202126.0	201197.0	202136.0	202181.0	205173.0	201873.0	202468.0	202189.0	201937.0	205289.0	202095.0	202057.0	202566.0	202430.0	201790.0	202532.0	201992.0	202106.0	203780.0	202495.0	201483.0	201189.0	202247.0	202041.0	202067.0	204786.0	202206.0	202197.0	202419.0	202435.0	202553.0	202139.0	202370.0	202231.0	202409.0	202198.0	201539.0	202300.0	201528.0	201918.0	202536.0	202346.0	201845.0	202516.0	202259.0	202399.0	201614.0	202340.0	201800.0	201899.0	201869.0	214830.0	201699.0	202623.0	201782.0	202509.0	202439.0	202225.0	201996.0	202441.0	201883.0	199712.0	201694.0	202011.0	202181.0	201755.0	202529.0	205918.0	203548.0	203661.0	201248.0	202528.0	201026.0	202127.0	200957.0	205158.0	201164.0	204823.0	202108.0	201763.0	199625.0	201628.0	201607.0	202432.0	205243.0	201552.0	205711.0	203447.0	201548.0	202127.0	204767.0	206486.0	202293.0	201754.0	0.0	204583.0	202144.0	202347.0	201537.0
scaffoldsVV8	2899.0	2786.0	2753.0	3930.0	4011.0	2915.0	3088.0	2833.0	2159.0	3049.0	2610.0	2032.0	1407.0	4069.0	4103.0	4066.0	31771.0	3807.0	2813.0	2763.0	3984.0	4131.0	3039.0	3366.0	1417.0	3507.0	2994.0	3011.0	3904.0	2936.0	4098.0	2773.0	2947.0	28976.0	2937.0	2360.0	30258.0	28518.0	3535.0	2662.0	2332.0	4088.0	2594.0	3277.0	4202.0	4002.0	2542.0	2991.0	2871.0	2938.0	3031.0	3367.0	1781.0	3350.0	3906.0	3106.0	2827.0	4230.0	4151.0	2893.0	4027.0	3481.0	2927.0	4184.0	2108.0	2075.0	201810.0	3796.0	4668.0	3469.0	2940.0	4036.0	3013.0	3530.0	2920.0	2155.0	30112.0	3640.0	3190.0	2722.0	726.0	4196.0	4027.0	28541.0	1466.0	31898.0	2803.0	4109.0	3578.0	29400.0	2238.0	31144.0	2014.0	2525.0	849.0	30001.0	4038.0	2985.0	3145.0	1576.0	3199.0	3302.0	28411.0	3658.0	3322.0	1628.0	3971.0	3990.0	3818.0	199575.0	0.0	3630.0	4154.0	3334.0
scaffolds10101	988.0	177.0	157.0	139.0	232.0	1342.0	221.0	771.0	189.0	247.0	272.0	1337.0	1074.0	459.0	222.0	488.0	29019.0	187.0	895.0	842.0	584.0	536.0	226.0	90.0	2288.0	1923.0	320.0	266.0	175.0	1148.0	186.0	252.0	134.0	28263.0	283.0	627.0	29322.0	27527.0	213.0	282.0	1928.0	304.0	232.0	481.0	238.0	223.0	284.0	282.0	600.0	140.0	237.0	439.0	1099.0	418.0	535.0	261.0	1116.0	492.0	243.0	232.0	221.0	680.0	281.0	475.0	152.0	212.0	200924.0	466.0	1623.0	1354.0	225.0	200.0	313.0	149.0	247.0	167.0	29413.0	441.0	1588.0	165.0	1036.0	271.0	1016.0	28352.0	2251.0	28960.0	680.0	312.0	79.0	28895.0	1990.0	29107.0	2161.0	166.0	1067.0	29498.0	551.0	317.0	391.0	2258.0	404.0	265.0	28314.0	433.0	1189.0	2365.0	738.0	193.0	448.0	198038.0	2355.0	0.0	270.0	408.0
scaffolds13545	1203.0	290.0	326.0	353.0	331.0	1644.0	276.0	1068.0	323.0	439.0	249.0	1629.0	1259.0	658.0	294.0	643.0	28657.0	413.0	1130.0	966.0	735.0	543.0	336.0	191.0	2500.0	2093.0	502.0	265.0	371.0	1453.0	391.0	216.0	313.0	28681.0	280.0	726.0	29743.0	27682.0	270.0	243.0	1999.0	328.0	229.0	636.0	306.0	415.0	233.0	299.0	672.0	332.0	241.0	499.0	1294.0	602.0	517.0	284.0	1227.0	629.0	241.0	277.0	300.0	698.0	349.0	722.0	202.0	285.0	201856.0	697.0	1765.0	1504.0	347.0	324.0	324.0	246.0	413.0	110.0	29946.0	699.0	1652.0	318.0	1128.0	331.0	1037.0	28819.0	2384.0	28573.0	807.0	309.0	514.0	28740.0	2148.0	29060.0	2349.0	284.0	1190.0	29999.0	764.0	449.0	370.0	2359.0	497.0	427.0	28757.0	513.0	1268.0	2458.0	860.0	367.0	569.0	198945.0	2564.0	319.0	0.0	473.0
scaffolds5A13	767.0	144.0	146.0	199.0	291.0	809.0	271.0	632.0	210.0	142.0	234.0	1158.0	1217.0	105.0	287.0	87.0	28634.0	361.0	913.0	762.0	284.0	501.0	369.0	174.0	2232.0	1589.0	146.0	249.0	120.0	830.0	259.0	410.0	178.0	28198.0	230.0	187.0	29068.0	27579.0	303.0	251.0	1903.0	278.0	274.0	116.0	299.0	237.0	426.0	305.0	646.0	187.0	398.0	191.0	997.0	191.0	267.0	279.0	825.0	87.0	271.0	200.0	311.0	192.0	258.0	193.0	180.0	102.0	208265.0	172.0	1335.0	832.0	133.0	119.0	339.0	189.0	315.0	247.0	29090.0	216.0	1576.0	200.0	1125.0	283.0	1063.0	28466.0	2142.0	28588.0	559.0	216.0	197.0	28524.0	1899.0	29488.0	2693.0	203.0	1026.0	29059.0	271.0	185.0	211.0	2147.0	77.0	152.0	28299.0	248.0	1077.0	2243.0	652.0	213.0	86.0	201761.0	2223.0	220.0	257.0	0.0
