Node	Total SNPs	Num of SNPs inside recombinations	Num of SNPs outside recombinations	Num of Recombination Blocks	Bases in Recombinations	r/m	rho/theta	Genome Length	Bases in Clonal Frame
07-03-81.snps.consensus.subs.fa	0	0	0	0	761169	0.000000	0.000000	2933268	2172050
07-11-07.snps.consensus.subs.fa	0	0	0	0	770759	0.000000	0.000000	2933268	2162459
10-2A.snps.consensus.subs.fa	81	53	28	5	963612	1.892857	0.178571	2933268	1969881
10-9A.snps.consensus.subs.fa	0	0	0	0	963339	0.000000	0.000000	2933268	1969881
11-8A.snps.consensus.subs.fa	0	0	0	0	835795	0.000000	0.000000	2933268	2097424
12-3VP.snps.consensus.subs.fa	0	0	0	0	790815	0.000000	0.000000	2933268	2142403
12-5VP.snps.consensus.subs.fa	78	44	34	5	986543	1.294118	0.147059	2933268	1946681
12-6VP.snps.consensus.subs.fa	0	0	0	0	990912	0.000000	0.000000	2933268	1942304
12-7VP.snps.consensus.subs.fa	371	317	54	7	837604	5.870370	0.129630	2933268	2097424
12-8VP.snps.consensus.subs.fa	368	260	108	6	992613	2.407408	0.055556	2933268	1942304
12-9VP.snps.consensus.subs.fa	268	196	72	11	836458	2.722222	0.152778	2933268	2097424
AR01-139.snps.consensus.subs.fa	3502	3404	98	20	823568	34.734695	0.204082	2933268	2354924
AR98-565.snps.consensus.subs.fa	16541	16345	196	29	809532	83.392860	0.147959	2933268	2315989
ARL04-840.snps.consensus.subs.fa	0	0	0	0	617192	0.000000	0.000000	2933268	2315989
ARL05-425.snps.consensus.subs.fa	333	238	95	7	735006	2.505263	0.073684	2933268	2200183
ARL05-67.snps.consensus.subs.fa	0	0	0	0	732998	0.000000	0.000000	2933268	2200183
ARL07-1139.snps.consensus.subs.fa	39	13	26	2	643036	0.500000	0.076923	2933268	2290148
ARL07-1163.snps.consensus.subs.fa	53	34	19	4	643000	1.789474	0.210526	2933268	2290185
ARL07-1166.snps.consensus.subs.fa	36	17	19	2	643000	0.894737	0.105263	2933268	2290185
ARL07-1169.snps.consensus.subs.fa	42	30	12	3	643000	2.500000	0.250000	2933268	2290185
ARL07-1195.snps.consensus.subs.fa	47	30	17	5	643000	1.764706	0.294118	2933268	2290185
ARL07-1198.snps.consensus.subs.fa	77	48	29	5	643045	1.655172	0.172414	2933268	2290139
ARL07-1205.snps.consensus.subs.fa	15	0	15	0	643000	0.000000	0.000000	2933268	2290185
ARL07-1286.snps.consensus.subs.fa	0	0	0	0	643000	0.000000	0.000000	2933268	2290185
ARL07-1300.snps.consensus.subs.fa	30	13	17	2	643000	0.764706	0.117647	2933268	2290185
ARL07-1328.snps.consensus.subs.fa	0	0	0	0	643045	0.000000	0.000000	2933268	2290139
ARL07-1345.snps.consensus.subs.fa	77	42	35	4	643227	1.200000	0.114286	2933268	2290020
ARL07-1348.snps.consensus.subs.fa	0	0	0	0	643165	0.000000	0.000000	2933268	2290020
ARL07-1351.snps.consensus.subs.fa	29	6	23	1	643165	0.260870	0.043478	2933268	2290020
ARL07-1384.snps.consensus.subs.fa	33	15	18	3	643034	0.833333	0.166667	2933268	2290185
ARL07-973.snps.consensus.subs.fa	47	35	12	3	643165	2.916667	0.250000	2933268	2290020
ARL08-105.snps.consensus.subs.fa	75	52	23	6	643139	2.260870	0.260870	2933268	2290185
ARL08-1074.snps.consensus.subs.fa	193	163	30	8	714836	5.433333	0.266667	2933268	2218346
ARL08-1077.snps.consensus.subs.fa	0	0	0	0	714836	0.000000	0.000000	2933268	2218346
ARL08-1189.snps.consensus.subs.fa	82	63	19	5	714776	3.315789	0.263158	2933268	2218421
ARL08-1215.snps.consensus.subs.fa	91	65	26	5	714766	2.500000	0.192308	2933268	2218442
ARL08-1218.snps.consensus.subs.fa	0	0	0	0	696420	0.000000	0.000000	2933268	2236761
ARL08-1249.snps.consensus.subs.fa	107	80	27	5	714741	2.962963	0.185185	2933268	2218442
ARL08-1256.snps.consensus.subs.fa	48	16	32	3	696486	0.500000	0.093750	2933268	2236761
ARL08-1292.snps.consensus.subs.fa	93	74	19	3	714762	3.894737	0.157895	2933268	2218421
ARL08-1309.snps.consensus.subs.fa	149	127	22	6	714777	5.772727	0.272727	2933268	2218442
ARL08-1412.snps.consensus.subs.fa	0	0	0	0	696420	0.000000	0.000000	2933268	2236761
ARL08-1437.snps.consensus.subs.fa	148	114	34	3	704981	3.352941	0.088235	2933268	2236761
ARL08-288.snps.consensus.subs.fa	85	41	44	5	643000	0.931818	0.113636	2933268	2290185
ARL08-32.snps.consensus.subs.fa	38	18	20	2	643000	0.900000	0.100000	2933268	2290185
ARL08-339.snps.consensus.subs.fa	119	85	34	6	643184	2.500000	0.176471	2933268	2290115
ARL08-35.snps.consensus.subs.fa	31	14	17	1	643227	0.823529	0.058824	2933268	2289957
ARL08-39.snps.consensus.subs.fa	23	0	23	0	643170	0.000000	0.000000	2933268	2290014
ARL08-391.snps.consensus.subs.fa	0	0	0	0	643000	0.000000	0.000000	2933268	2290185
ARL08-394.snps.consensus.subs.fa	0	0	0	0	643068	0.000000	0.000000	2933268	2290115
ARL08-428.snps.consensus.subs.fa	35	18	17	2	643000	1.058824	0.117647	2933268	2290185
ARL08-43.snps.consensus.subs.fa	71	54	17	3	643263	3.176471	0.176471	2933268	2289968
ARL08-46.snps.consensus.subs.fa	29	17	12	2	643227	1.416667	0.166667	2933268	2289957
ARL08-477.snps.consensus.subs.fa	62	49	13	6	643353	3.769231	0.461538	2933268	2289968
ARL08-484.snps.consensus.subs.fa	53	27	26	3	643000	1.038462	0.115385	2933268	2290185
ARL08-552.snps.consensus.subs.fa	49	18	31	2	643000	0.580645	0.064516	2933268	2290185
ARL08-67.snps.consensus.subs.fa	41	23	18	3	643229	1.277778	0.166667	2933268	2289968
ARL08-712.snps.consensus.subs.fa	0	0	0	0	713547	0.000000	0.000000	2933268	2219636
ARL08-781.snps.consensus.subs.fa	68	50	18	4	714741	2.777778	0.222222	2933268	2218442
ARL08-804.snps.consensus.subs.fa	71	47	24	4	714741	1.958333	0.166667	2933268	2218442
ARL08-902.snps.consensus.subs.fa	68	58	10	5	714824	5.800000	0.500000	2933268	2218400
ARL08-983.snps.consensus.subs.fa	5208	4871	337	31	956952	14.454006	0.091988	2933268	2219644
ARL09-100.snps.consensus.subs.fa	27	0	27	0	696420	0.000000	0.000000	2933268	2236761
ARL09-1074a.snps.consensus.subs.fa	0	0	0	0	679438	0.000000	0.000000	2933268	2253739
ARL09-1209.snps.consensus.subs.fa	1527	1396	131	11	718395	10.656488	0.083969	2933268	2236761
ARL09-1265.snps.consensus.subs.fa	1081	950	131	12	711797	7.251908	0.091603	2933268	2253739
ARL09-1374.snps.consensus.subs.fa	1005	959	46	4	696420	20.847826	0.086957	2933268	2236761
ARL09-146.snps.consensus.subs.fa	24	0	24	0	696420	0.000000	0.000000	2933268	2236761
ARL09-193.snps.consensus.subs.fa	46	12	34	2	696420	0.352941	0.058824	2933268	2236761
ARL09-409.snps.consensus.subs.fa	94682	8945	85737	222	389429	0.104331	0.002589	2933268	2609715
IV28.snps.consensus.subs.fa	0	0	0	0	807519	0.000000	0.000000	2933268	2125700
TV10.snps.consensus.subs.fa	0	0	0	0	771134	0.000000	0.000000	2933268	2162082
TV104.snps.consensus.subs.fa	1803	1560	243	26	870210	6.419753	0.106996	2933268	2149068
TV111.snps.consensus.subs.fa	6447	5894	553	42	1005632	10.658228	0.075949	2933268	2102997
TV118.snps.consensus.subs.fa	0	0	0	0	791968	0.000000	0.000000	2933268	2141253
TV12.snps.consensus.subs.fa	64	29	35	4	700760	0.828571	0.114286	2933268	2232475
TV123.snps.consensus.subs.fa	0	0	0	0	777402	0.000000	0.000000	2933268	2155811
TV125.snps.consensus.subs.fa	0	0	0	0	830236	0.000000	0.000000	2933268	2102978
TV137.snps.consensus.subs.fa	0	0	0	0	934256	0.000000	0.000000	2933268	1998957
TV138.snps.consensus.subs.fa	44	18	26	3	934189	0.692308	0.115385	2933268	1999025
TV139.snps.consensus.subs.fa	53	27	26	4	934227	1.038462	0.153846	2933268	1998995
TV14.snps.consensus.subs.fa	218	172	46	6	771134	3.739130	0.130435	2933268	2162082
TV15.snps.consensus.subs.fa	0	0	0	0	924616	0.000000	0.000000	2933268	2008604
TV162.snps.consensus.subs.fa	81	40	41	5	934256	0.975610	0.121951	2933268	1998957
TV18.snps.consensus.subs.fa	0	0	0	0	709387	0.000000	0.000000	2933268	2223839
TV20.snps.consensus.subs.fa	71	44	27	4	704439	1.629630	0.148148	2933268	2232475
TV21.snps.consensus.subs.fa	0	0	0	0	808766	0.000000	0.000000	2933268	2124452
TV4.snps.consensus.subs.fa	89	53	36	7	710133	1.472222	0.194444	2933268	2223839
TV41.snps.consensus.subs.fa	0	0	0	0	909574	0.000000	0.000000	2933268	2023647
TV42.snps.consensus.subs.fa	242	205	37	7	841500	5.540541	0.189189	2933268	2091936
TV43.snps.consensus.subs.fa	196	149	47	9	609033	3.170213	0.191489	2933268	2325011
TV44.snps.consensus.subs.fa	357	289	68	10	808870	4.250000	0.147059	2933268	2124452
TV45.snps.consensus.subs.fa	5108	4614	494	39	729684	9.340081	0.078947	2933268	2374555
TV47.snps.consensus.subs.fa	0	0	0	0	700785	0.000000	0.000000	2933268	2232432
TV48.snps.consensus.subs.fa	6498	5666	832	31	762982	6.810096	0.037260	2933268	2302446
TV49.snps.consensus.subs.fa	2616	2464	152	16	739680	16.210526	0.105263	2933268	2232640
TV52.snps.consensus.subs.fa	117	81	36	7	716258	2.250000	0.194444	2933268	2223839
TV54.snps.consensus.subs.fa	147	97	50	9	703651	1.940000	0.180000	2933268	2232432
TV55.snps.consensus.subs.fa	4059	3942	117	22	749377	33.692307	0.188034	2933268	2325056
TV56.snps.consensus.subs.fa	6469	5573	896	33	915164	6.219866	0.036830	2933268	2125700
TV57.snps.consensus.subs.fa	0	0	0	0	430191	0.000000	0.000000	2933268	2503040
TV58.snps.consensus.subs.fa	0	0	0	0	928569	0.000000	0.000000	2933268	2004652
TV71.snps.consensus.subs.fa	0	0	0	0	608205	0.000000	0.000000	2933268	2325011
TV73.snps.consensus.subs.fa	20	0	20	0	608161	0.000000	0.000000	2933268	2325056
TV75.snps.consensus.subs.fa	61	39	22	5	704373	1.772727	0.227273	2933268	2232567
TV76.snps.consensus.subs.fa	155	113	42	7	713062	2.690476	0.166667	2933268	2231838
TV77.snps.consensus.subs.fa	49	32	17	4	841306	1.882353	0.235294	2933268	2091936
TV78.snps.consensus.subs.fa	0	0	0	0	701377	0.000000	0.000000	2933268	2231838
TV81.snps.consensus.subs.fa	7887	7259	628	46	965823	11.558917	0.073248	2933268	2155811
TV82.snps.consensus.subs.fa	148	89	59	6	783784	1.508475	0.101695	2933268	2155811
TV83.snps.consensus.subs.fa	0	0	0	0	873294	0.000000	0.000000	2933268	2059922
TV92.snps.consensus.subs.fa	129	77	52	5	626018	1.480769	0.096154	2933268	2325018
TV97.snps.consensus.subs.fa	187	148	39	8	794450	3.794872	0.205128	2933268	2141253
TV98.snps.consensus.subs.fa	89	35	54	4	830374	0.648148	0.074074	2933268	2102978
VV11.snps.consensus.subs.fa	92	46	46	4	928569	1.000000	0.086957	2933268	2004652
VV6.snps.consensus.subs.fa	296	254	42	8	928569	6.047619	0.190476	2933268	2004652
internal_121	43	13	30	2	709387	0.433333	0.066667	2933268	2223839
internal_120	6479	5516	963	39	709387	5.727933	0.040498	2933268	2503040
internal_119	3507	2797	710	27	430191	3.939437	0.038028	2933268	2715372
internal_129	39	17	22	3	700785	0.772727	0.136364	2933268	2232475
internal_128	42	10	32	2	700743	0.312500	0.062500	2933268	2232475
internal_127	31	13	18	2	700743	0.722222	0.111111	2933268	2232640
internal_131	68	45	23	6	701377	1.956522	0.260870	2933268	2232567
internal_130	60	20	40	3	700650	0.500000	0.075000	2933268	2232640
internal_126	17	0	17	0	700578	0.000000	0.000000	2933268	2232640
internal_125	883	795	88	13	700578	9.034091	0.147727	2933268	2302446
internal_124	4407	4048	359	26	630774	11.275766	0.072423	2933268	2383428
internal_133	348	246	102	11	808766	2.411765	0.107843	2933268	2142403
internal_132	5961	5520	441	41	790815	12.517007	0.092971	2933268	2383428
internal_123	5960	5649	311	39	549800	18.163986	0.125402	2933268	2611364
internal_139	86	49	37	5	608205	1.324324	0.135135	2933268	2325018
internal_138	88	37	51	3	608198	0.725490	0.058824	2933268	2325056
internal_137	53	24	29	2	608161	0.827586	0.068966	2933268	2325056
internal_136	3068	2428	640	35	608161	3.793750	0.054688	2933268	2492714
internal_141	4482	3836	646	37	807519	5.938080	0.057276	2933268	2428802
internal_147	33	10	23	2	928569	0.434783	0.086957	2933268	2004652
internal_146	3311	3244	67	17	928569	48.417912	0.253731	2933268	2023647
internal_145	5354	5134	220	30	909574	23.336363	0.136364	2933268	2145204
internal_148	84	67	17	4	791968	3.941176	0.235294	2933268	2145204
internal_144	3318	2845	473	30	788018	6.014799	0.063425	2933268	2300311
internal_153	36	13	23	2	934256	0.565217	0.086957	2933268	1998995
internal_152	38	18	20	3	934219	0.900000	0.150000	2933268	1999025
internal_151	1199	1157	42	16	934189	27.547619	0.380952	2933268	2059922
internal_150	4696	4308	388	29	873294	11.103093	0.074742	2933268	2169719
internal_157	195	136	59	5	990912	2.305085	0.084746	2933268	1946681
internal_156	5551	5223	328	36	986534	15.923780	0.109756	2933268	2071898
internal_159	3188	2911	277	22	963339	10.509026	0.079422	2933268	2008604
internal_158	1344	1132	212	18	924616	5.339622	0.084906	2933268	2071898
internal_155	2805	2641	164	25	861323	16.103659	0.152439	2933268	2149068
internal_154	2388	2208	180	15	784152	12.266666	0.083333	2933268	2169719
internal_149	3281	3055	226	19	763500	13.517699	0.084071	2933268	2300311
internal_143	1984	1693	291	25	632910	5.817869	0.085911	2933268	2374555
internal_142	1291	1025	266	17	558671	3.853384	0.063910	2933268	2428802
internal_140	1096	816	280	20	504426	2.914286	0.071429	2933268	2492714
internal_135	1502	1081	421	24	440517	2.567696	0.057007	2933268	2558503
internal_163	37	5	32	1	777402	0.156250	0.031250	2933268	2155811
internal_162	4967	4478	489	35	777402	9.157464	0.071575	2933268	2317290
internal_166	41	12	29	2	830236	0.413793	0.068966	2933268	2102997
internal_165	3044	2751	293	23	830218	9.389078	0.078498	2933268	2174785
internal_168	164	89	75	3	835795	1.186667	0.040000	2933268	2097424
internal_170	136	111	25	6	841283	4.440000	0.240000	2933268	2097424
internal_169	129	83	46	5	835795	1.804348	0.108696	2933268	2097424
internal_167	5634	5208	426	25	835795	12.225352	0.058685	2933268	2174785
internal_164	3265	3057	208	26	758435	14.697115	0.125000	2933268	2317290
internal_161	1640	1397	243	26	615934	5.748971	0.106996	2933268	2411388
internal_173	269	219	50	7	771134	4.380000	0.140000	2933268	2162459
internal_172	284	186	98	5	770759	1.897959	0.051020	2933268	2172050
internal_171	5222	4656	566	34	761169	8.226149	0.060071	2933268	2411388
internal_160	2706	2453	253	27	521838	9.695652	0.106719	2933268	2558503
internal_134	1993	1692	301	21	374733	5.621263	0.069767	2933268	2611364
internal_122	1826	1637	189	15	321876	8.661376	0.079365	2933268	2715372
internal_118	1223	965	258	25	217871	3.740310	0.096899	2933268	2933268
internal_185	96	76	20	7	714836	3.800000	0.350000	2933268	2218400
internal_184	67	53	14	5	714783	3.785714	0.357143	2933268	2218421
internal_183	37	29	8	2	714762	3.625000	0.250000	2933268	2218421
internal_182	40	27	13	2	714762	2.076923	0.153846	2933268	2218442
internal_181	53	43	10	4	714741	4.300000	0.400000	2933268	2218442
internal_180	51	32	19	3	714741	1.684211	0.157895	2933268	2218442
internal_187	84	59	25	4	714741	2.360000	0.160000	2933268	2218442
internal_186	51	40	11	3	714741	3.636364	0.272727	2933268	2218442
internal_179	148	108	40	8	714741	2.700000	0.200000	2933268	2219636
internal_178	64	46	18	6	713547	2.555556	0.333333	2933268	2219644
internal_177	3513	3223	290	24	713539	11.113793	0.082759	2933268	2460939
internal_200	42	23	19	3	643165	1.210526	0.157895	2933268	2290020
internal_199	41	19	22	2	643165	0.863636	0.090909	2933268	2290020
internal_198	39	16	23	2	643165	0.695652	0.086957	2933268	2290185
internal_197	35	18	17	2	643000	1.058824	0.117647	2933268	2290185
internal_196	16	8	8	1	643000	1.000000	0.125000	2933268	2290185
internal_202	63	39	24	4	643068	1.625000	0.166667	2933268	2290185
internal_204	38	16	22	2	643000	0.727273	0.090909	2933268	2290185
internal_203	23	5	18	1	643000	0.277778	0.055556	2933268	2290185
internal_201	54	26	28	2	643000	0.928571	0.071429	2933268	2290185
internal_195	9	0	9	0	643000	0.000000	0.000000	2933268	2290185
internal_205	40	19	21	3	643045	0.904762	0.142857	2933268	2290185
internal_194	8	0	8	0	643000	0.000000	0.000000	2933268	2290185
internal_214	23	7	16	1	643227	0.437500	0.062500	2933268	2289968
internal_213	23	9	14	1	643215	0.642857	0.071429	2933268	2289968
internal_212	29	16	13	2	643215	1.230769	0.153846	2933268	2289968
internal_211	51	42	9	4	643215	4.666667	0.444444	2933268	2290014
internal_210	35	22	13	2	643170	1.692308	0.153846	2933268	2290148
internal_209	14	7	7	1	643036	1.000000	0.142857	2933268	2290185
internal_208	28	13	15	1	643000	0.866667	0.066667	2933268	2290185
internal_207	45	25	20	3	643000	1.250000	0.150000	2933268	2290185
internal_206	38	14	24	2	643000	0.583333	0.083333	2933268	2290185
internal_193	10	0	10	0	643000	0.000000	0.000000	2933268	2290185
internal_217	49	27	22	3	643000	1.227273	0.136364	2933268	2290185
internal_216	35	12	23	2	643000	0.521739	0.086957	2933268	2290185
internal_215	27	7	20	1	643000	0.350000	0.050000	2933268	2290185
internal_192	14	0	14	0	643000	0.000000	0.000000	2933268	2290185
internal_191	23	0	23	0	643000	0.000000	0.000000	2933268	2290185
internal_190	56	14	42	2	643000	0.333333	0.047619	2933268	2290185
internal_189	2755	2517	238	19	643000	10.575630	0.079832	2933268	2385913
internal_219	283	185	98	6	679438	1.887755	0.061224	2933268	2297372
internal_226	46	10	36	1	696420	0.277778	0.027778	2933268	2236761
internal_227	14	0	14	0	696420	0.000000	0.000000	2933268	2236761
internal_225	17	9	8	1	696420	1.125000	0.125000	2933268	2236761
internal_224	13	0	13	0	696420	0.000000	0.000000	2933268	2236761
internal_223	10	6	4	1	696420	1.500000	0.250000	2933268	2236761
internal_228	34	6	28	1	696420	0.214286	0.035714	2933268	2236761
internal_222	6	0	6	0	696420	0.000000	0.000000	2933268	2236761
internal_221	71	18	53	2	696420	0.339623	0.037736	2933268	2236798
internal_229	992	751	241	11	732998	3.116183	0.045643	2933268	2236798
internal_220	5935	5488	447	27	696384	12.277405	0.060403	2933268	2297372
internal_218	1636	1360	276	24	635806	4.927536	0.086957	2933268	2385913
internal_188	1585	1440	145	19	547270	9.931034	0.131034	2933268	2460939
internal_176	810	716	94	14	472249	7.617021	0.148936	2933268	2609715
internal_117	1309	1200	109	14	617192	11.009174	0.128440	2933268	2354924
internal_230	2142	1996	146	17	578261	13.671233	0.116438	2933268	2609715
internal_175	0	0	0	0	323476	0.000000	0.000000	2933268	2609715
internal_174	10503	5675	4828	77	323476	1.175435	0.015949	2933268	2933268
internal_ROOT	0	0	0	0	0	0.000000	0.000000	2933268	2933268
