snp-dists 0.2	07-03-81.snps.consensus.subs.fa	07-11-07.snps.consensus.subs.fa	10-2A.snps.consensus.subs.fa	10-9A.snps.consensus.subs.fa	11-8A.snps.consensus.subs.fa	12-3VP.snps.consensus.subs.fa	12-5VP.snps.consensus.subs.fa	12-6VP.snps.consensus.subs.fa	12-7VP.snps.consensus.subs.fa	12-8VP.snps.consensus.subs.fa	12-9VP.snps.consensus.subs.fa	AR01-139.snps.consensus.subs.fa	AR98-565.snps.consensus.subs.fa	ARL04-840.snps.consensus.subs.fa	ARL05-425.snps.consensus.subs.fa	ARL05-67.snps.consensus.subs.fa	ARL07-1139.snps.consensus.subs.fa	ARL07-1163.snps.consensus.subs.fa	ARL07-1166.snps.consensus.subs.fa	ARL07-1169.snps.consensus.subs.fa	ARL07-1195.snps.consensus.subs.fa	ARL07-1198.snps.consensus.subs.fa	ARL07-1205.snps.consensus.subs.fa	ARL07-1286.snps.consensus.subs.fa	ARL07-1300.snps.consensus.subs.fa	ARL07-1328.snps.consensus.subs.fa	ARL07-1345.snps.consensus.subs.fa	ARL07-1348.snps.consensus.subs.fa	ARL07-1351.snps.consensus.subs.fa	ARL07-1384.snps.consensus.subs.fa	ARL07-973.snps.consensus.subs.fa	ARL08-105.snps.consensus.subs.fa	ARL08-1074.snps.consensus.subs.fa	ARL08-1077.snps.consensus.subs.fa	ARL08-1189.snps.consensus.subs.fa	ARL08-1215.snps.consensus.subs.fa	ARL08-1218.snps.consensus.subs.fa	ARL08-1249.snps.consensus.subs.fa	ARL08-1256.snps.consensus.subs.fa	ARL08-1292.snps.consensus.subs.fa	ARL08-1309.snps.consensus.subs.fa	ARL08-1412.snps.consensus.subs.fa	ARL08-1437.snps.consensus.subs.fa	ARL08-288.snps.consensus.subs.fa	ARL08-32.snps.consensus.subs.fa	ARL08-339.snps.consensus.subs.fa	ARL08-35.snps.consensus.subs.fa	ARL08-39.snps.consensus.subs.fa	ARL08-391.snps.consensus.subs.fa	ARL08-394.snps.consensus.subs.fa	ARL08-428.snps.consensus.subs.fa	ARL08-43.snps.consensus.subs.fa	ARL08-46.snps.consensus.subs.fa	ARL08-477.snps.consensus.subs.fa	ARL08-484.snps.consensus.subs.fa	ARL08-552.snps.consensus.subs.fa	ARL08-67.snps.consensus.subs.fa	ARL08-712.snps.consensus.subs.fa	ARL08-781.snps.consensus.subs.fa	ARL08-804.snps.consensus.subs.fa	ARL08-902.snps.consensus.subs.fa	ARL08-983.snps.consensus.subs.fa	ARL09-100.snps.consensus.subs.fa	ARL09-1074a.snps.consensus.subs.fa	ARL09-1209.snps.consensus.subs.fa	ARL09-1265.snps.consensus.subs.fa	ARL09-1374.snps.consensus.subs.fa	ARL09-146.snps.consensus.subs.fa	ARL09-193.snps.consensus.subs.fa	ARL09-409.snps.consensus.subs.fa	IV28.snps.consensus.subs.fa	TV10.snps.consensus.subs.fa	TV104.snps.consensus.subs.fa	TV111.snps.consensus.subs.fa	TV118.snps.consensus.subs.fa	TV12.snps.consensus.subs.fa	TV123.snps.consensus.subs.fa	TV125.snps.consensus.subs.fa	TV137.snps.consensus.subs.fa	TV138.snps.consensus.subs.fa	TV139.snps.consensus.subs.fa	TV14.snps.consensus.subs.fa	TV15.snps.consensus.subs.fa	TV162.snps.consensus.subs.fa	TV18.snps.consensus.subs.fa	TV20.snps.consensus.subs.fa	TV21.snps.consensus.subs.fa	TV4.snps.consensus.subs.fa	TV41.snps.consensus.subs.fa	TV42.snps.consensus.subs.fa	TV43.snps.consensus.subs.fa	TV44.snps.consensus.subs.fa	TV45.snps.consensus.subs.fa	TV47.snps.consensus.subs.fa	TV48.snps.consensus.subs.fa	TV49.snps.consensus.subs.fa	TV52.snps.consensus.subs.fa	TV54.snps.consensus.subs.fa	TV55.snps.consensus.subs.fa	TV56.snps.consensus.subs.fa	TV57.snps.consensus.subs.fa	TV58.snps.consensus.subs.fa	TV71.snps.consensus.subs.fa	TV73.snps.consensus.subs.fa	TV75.snps.consensus.subs.fa	TV76.snps.consensus.subs.fa	TV77.snps.consensus.subs.fa	TV78.snps.consensus.subs.fa	TV81.snps.consensus.subs.fa	TV82.snps.consensus.subs.fa	TV83.snps.consensus.subs.fa	TV92.snps.consensus.subs.fa	TV97.snps.consensus.subs.fa	TV98.snps.consensus.subs.fa	VV11.snps.consensus.subs.fa	VV6.snps.consensus.subs.fa
07-03-81.snps.consensus.subs.fa	0	94	14715	14700	9316	14274	15852	15857	9318	15839	9332	26098	22692	22204	23239	23232	22434	22442	22435	22425	22427	22427	22429	22425	22432	22428	22448	22442	22437	22428	22448	22438	26352	26353	26340	26334	23225	26334	23215	26346	26345	23223	23161	22425	22441	22434	22456	22449	22426	22429	22422	22453	22456	22463	22424	22431	22462	26326	26335	26332	26345	26178	23228	24669	23352	24707	23233	23231	23233	76024	19018	107	13182	12680	14167	16093	10932	10573	13896	13890	13887	103	13795	13897	20444	16152	14335	20444	15127	9334	13771	14343	14556	16099	18406	16275	20480	16141	14498	19491	15208	15312	13752	13742	16137	15599	9318	16084	14991	10960	13734	13805	14205	10580	15308	15309
07-11-07.snps.consensus.subs.fa	94	0	14686	14701	9318	14288	15815	15810	9289	15806	9314	26085	22684	22189	23226	23221	22430	22438	22431	22421	22423	22423	22425	22417	22428	22424	22444	22436	22429	22420	22444	22434	26341	26342	26329	26324	23214	26325	23204	26335	26336	23213	23151	22421	22437	22430	22452	22445	22422	22425	22418	22445	22452	22455	22420	22427	22454	26318	26326	26323	26334	26166	23218	24659	23342	24697	23223	23221	23223	76008	19020	50	13196	12687	14187	16108	10958	10563	13877	13865	13868	50	13792	13878	20448	16165	14343	20439	15144	9297	13750	14349	14564	16113	18424	16284	20447	16148	14478	19507	15232	15286	13778	13763	16150	15596	9303	16081	14979	10983	13750	13826	14223	10575	15274	15287
10-2A.snps.consensus.subs.fa	14715	14686	0	30	14955	16073	4922	4941	14943	4966	14931	28795	21590	26132	23592	23584	26987	26996	26997	26986	26989	26980	26987	26984	26996	26981	26974	26983	26981	26989	26985	26970	30181	30177	30179	30177	23699	30176	23689	30187	30172	23696	23616	26990	26998	26961	26979	26987	26986	26976	26987	26966	26980	26981	26991	26989	26979	30165	30179	30174	30181	26114	23701	27290	23424	26877	23702	23709	23702	76476	19022	14694	6400	11405	8396	17815	15689	15127	6673	6664	6666	14697	1436	6671	21498	17732	16120	21480	7830	14954	13955	16123	12716	17828	16787	17034	21494	17866	11446	18178	22183	7542	13985	13975	17750	17334	14957	17812	15398	15661	6985	13968	8424	15118	7534	7541
10-9A.snps.consensus.subs.fa	14700	14701	30	0	14936	16058	4939	4952	14956	4973	14942	28811	21606	26148	23608	23600	27001	27010	27011	27000	27003	26994	27001	27000	27010	26995	26988	26997	26997	27005	26999	26984	30196	30192	30194	30192	23715	30191	23705	30202	30187	23712	23632	27004	27012	26975	26993	27001	27000	26990	27001	26982	26994	26997	27005	27003	26995	30180	30194	30189	30196	26129	23717	27305	23440	26892	23718	23725	23718	76494	19002	14707	6383	11388	8379	17806	15668	15113	6675	6666	6668	14708	1418	6667	21482	17721	16106	21466	7813	14949	13967	16105	12703	17816	16773	17024	21507	17858	11459	18160	22164	7555	13962	13956	17738	17333	14936	17813	15412	15644	6971	13954	8406	15106	7553	7556
11-8A.snps.consensus.subs.fa	9316	9318	14955	14936	0	15640	14038	14016	93	14036	77	27907	24838	24217	24788	24781	23955	23962	23950	23941	23943	23935	23945	23947	23951	23936	23941	23944	23942	23949	23947	23952	27903	27902	27889	27885	24767	27886	24757	27896	27896	24767	24705	23945	23955	23941	23943	23951	23943	23936	23941	23941	23943	23951	23944	23947	23954	27874	27889	27883	27894	27167	24773	25651	24890	25692	24772	24775	24774	76062	15972	9340	12666	10126	12082	15855	9683	4738	13682	13673	13676	9328	14076	13676	20397	15925	15678	20398	13113	98	11483	15676	13206	15862	16016	15973	20445	15915	13225	16883	15319	13446	11467	11449	15927	15952	83	15854	13197	9708	13117	11519	12115	4760	13443	13444
12-3VP.snps.consensus.subs.fa	14274	14288	16073	16058	15640	0	16951	16951	15673	16964	15662	25207	22344	22771	22501	22494	23602	23610	23606	23597	23599	23600	23600	23596	23608	23601	23620	23615	23607	23605	23615	23581	26570	26564	26568	26566	22592	26565	22584	26575	26565	22594	22529	23599	23609	23580	23623	23616	23597	23595	23595	23614	23624	23630	23598	23599	23627	26549	26570	26564	26571	26588	22601	25791	22724	25630	22601	22602	22602	76017	19035	14292	16121	18812	14424	5881	12511	15714	14852	14845	14837	14284	15296	14847	17445	5802	115	17462	14235	15660	12106	120	15437	5891	8927	5517	17478	5930	11690	18932	14002	14379	12084	12067	5782	6340	15636	5857	14587	12486	14852	12145	14435	15739	14381	14382
12-5VP.snps.consensus.subs.fa	15852	15815	4922	4939	14038	16951	0	40	14015	82	14019	29769	24437	27021	25307	25302	28217	28228	28223	28216	28219	28212	28217	28217	28226	28209	28206	28212	28209	28222	28214	28201	31537	31535	31537	31536	25295	31535	25288	31543	31533	25296	25214	28217	28225	28189	28206	28212	28218	28204	28217	28193	28206	28208	28220	28218	28206	31523	31538	31533	31541	27862	25302	28439	25346	28168	25302	25302	25302	76405	17702	15826	6439	11472	8025	17836	15983	13594	7782	7781	7777	15830	3906	7794	20153	17750	16971	20148	8205	14013	14217	16973	10576	17842	16787	17287	20133	17876	12679	17143	22338	8505	14253	14246	17752	17343	14012	17826	14702	15960	7319	14253	8079	13582	8496	8507
12-6VP.snps.consensus.subs.fa	15857	15810	4941	4952	14016	16951	40	0	14021	72	13999	29759	24424	27007	25293	25288	28205	28216	28211	28204	28207	28200	28205	28205	28214	28197	28194	28200	28197	28210	28202	28189	31528	31526	31528	31527	25281	31526	25274	31534	31524	25283	25201	28205	28213	28177	28194	28200	28206	28192	28205	28181	28194	28196	28208	28206	28194	31514	31529	31524	31532	27857	25289	28428	25333	28159	25289	25289	25289	76397	17708	15836	6445	11479	8046	17845	15993	13596	7803	7796	7800	15834	3916	7805	20155	17763	16979	20159	8226	14011	14234	16975	10572	17853	16803	17300	20145	17882	12685	17154	22333	8519	14275	14249	17761	17344	14014	17833	14706	15962	7334	14256	8098	13600	8512	8517
12-7VP.snps.consensus.subs.fa	9318	9289	14943	14956	93	15673	14015	14021	0	14017	96	27904	24841	24220	24796	24790	23979	23980	23972	23965	23965	23957	23969	23969	23971	23958	23959	23962	23963	23967	23967	23976	27924	27923	27910	27906	24777	27907	24769	27917	27917	24775	24715	23969	23979	23965	23965	23973	23965	23960	23963	23963	23965	23973	23968	23971	23972	27895	27910	27904	27915	27185	24781	25663	24902	25704	24784	24785	24786	76075	15981	9296	12689	10144	12090	15868	9691	4765	13658	13655	13650	9304	14093	13660	20414	15938	15700	20408	13128	74	11467	15706	13223	15868	16025	15970	20418	15926	13208	16910	15341	13432	11480	11473	15935	15952	77	15851	13187	9721	13124	11549	12125	4757	13431	13428
12-8VP.snps.consensus.subs.fa	15839	15806	4966	4973	14036	16964	82	72	14017	0	14005	29735	24405	26985	25287	25283	28199	28208	28207	28198	28203	28196	28199	28205	28204	28193	28186	28194	28196	28206	28196	28183	31526	31524	31526	31525	25277	31524	25268	31532	31522	25277	25197	28199	28207	28171	28190	28196	28202	28186	28201	28181	28190	28196	28202	28200	28190	31512	31527	31522	31530	27860	25283	28422	25328	28151	25283	25283	25283	76402	17732	15829	6468	11481	8071	17869	16012	13614	7827	7812	7818	15821	3927	7817	20186	17793	16990	20189	8253	14025	14251	16988	10578	17879	16818	17322	20176	17906	12709	17169	22352	8543	14289	14269	17787	17366	14028	17859	14718	15977	7362	14278	8119	13618	8540	8539
12-9VP.snps.consensus.subs.fa	9332	9314	14931	14942	77	15662	14019	13999	96	14005	0	27884	24813	24194	24756	24749	23925	23930	23918	23911	23911	23903	23915	23915	23921	23904	23909	23912	23910	23917	23915	23922	27875	27874	27861	27857	24735	27858	24727	27868	27868	24735	24673	23915	23925	23911	23911	23919	23911	23906	23909	23909	23911	23919	23914	23917	23922	27844	27861	27853	27866	27132	24741	25625	24860	25664	24742	24743	24744	76039	16004	9330	12690	10150	12118	15878	9705	4767	13674	13667	13668	9320	14078	13668	20430	15948	15698	20415	13139	102	11471	15696	13228	15882	16040	15987	20432	15933	13210	16912	15345	13426	11501	11478	15949	15956	105	15861	13174	9730	13138	11559	12151	4782	13427	13424
AR01-139.snps.consensus.subs.fa	26098	26085	28795	28811	27907	25207	29769	29759	27904	29735	27884	0	14007	7794	11848	11837	8223	8217	8219	8208	8211	8221	8211	8214	8212	8222	8233	8222	8227	8211	8225	8190	13582	13582	13584	13588	11899	13590	11898	13589	13583	11897	11802	8217	8220	8199	8240	8237	8210	8214	8212	8228	8240	8242	8218	8212	8237	13586	13585	13586	13591	22156	11906	12683	12262	12536	11906	11912	11909	74600	29649	26111	28485	32186	27038	24733	25853	29571	26599	26606	26600	26110	28614	26608	24555	24646	25235	24550	28215	27905	24669	25240	27439	24737	26169	25019	24522	24741	24765	30337	22904	27917	24689	24677	24633	24748	27912	24714	28691	25802	27080	24670	27046	29589	27903	27915
AR98-565.snps.consensus.subs.fa	22692	22684	21590	21606	24838	22344	24437	24424	24841	24405	24813	14007	0	6408	7090	7088	11428	11429	11422	11417	11419	11423	11421	11416	11422	11422	11441	11426	11430	11416	11434	11447	12250	12249	12240	12239	7032	12236	7028	12240	12248	7033	6933	11420	11435	11441	11447	11446	11419	11433	11418	11444	11447	11450	11420	11424	11453	12235	12239	12236	12239	14714	7041	10842	6748	11050	7038	7049	7038	74398	26581	22706	24611	26357	22849	22782	21831	26036	24442	24443	24445	22699	22631	24453	19764	22842	22377	19755	21800	24842	22174	22383	22413	22783	23411	22217	19742	22788	19570	25438	20446	21502	22194	22184	22843	23209	24847	22772	22946	21782	24876	22163	22858	26052	21487	21499
ARL04-840.snps.consensus.subs.fa	22204	22189	26132	26148	24217	22771	27021	27007	24220	26985	24194	7794	6408	0	6707	6706	6268	6272	6266	6261	6259	6263	6265	6255	6264	6265	6278	6267	6271	6259	6278	6287	7600	7603	7592	7600	6649	7596	6648	7593	7602	6645	6550	6264	6276	6284	6287	6286	6262	6275	6256	6287	6286	6293	6258	6268	6295	7594	7593	7595	7592	16204	6655	7356	7004	7561	6654	6666	6654	73996	24999	22215	25947	28621	23937	22032	23731	25884	24358	24362	24361	22214	25848	24369	19991	22092	22812	19983	25137	24219	20124	22817	22647	22035	24505	22310	19969	22040	20272	25682	17010	24841	20143	20133	22092	22460	24226	22025	26535	23680	24762	20129	23965	25901	24826	24838
ARL05-425.snps.consensus.subs.fa	23239	23226	23592	23608	24788	22501	25307	25293	24796	25287	24756	11848	7090	6707	0	68	6907	6913	6904	6899	6903	6906	6905	6898	6909	6903	6926	6910	6911	6906	6917	6899	11063	11063	11055	11054	490	11051	496	11056	11063	489	414	6907	6914	6894	6922	6925	6906	6897	6899	6923	6923	6927	6898	6908	6923	11050	11055	11049	11053	16815	501	4991	1020	5089	503	509	495	74389	26795	23249	24130	29146	23315	22433	21666	27151	23500	23509	23504	23248	23903	23509	19465	22489	22499	19456	23408	24798	21563	22502	23825	22437	24059	21859	19427	22403	18740	26278	19461	23112	21583	21575	22491	22292	24805	22393	24364	21613	24029	21501	23315	27166	23099	23109
ARL05-67.snps.consensus.subs.fa	23232	23221	23584	23600	24781	22494	25302	25288	24790	25283	24749	11837	7088	6706	68	0	6899	6903	6894	6889	6895	6898	6895	6888	6899	6893	6918	6902	6901	6896	6907	6889	11054	11054	11046	11045	444	11042	450	11045	11054	451	374	6897	6904	6884	6914	6915	6896	6887	6889	6913	6915	6920	6888	6898	6915	11041	11046	11040	11046	16806	463	4981	990	5078	461	469	455	74383	26788	23244	24121	29137	23304	22423	21659	27142	23493	23502	23497	23243	23896	23502	19460	22479	22492	19451	23398	24790	21553	22495	23818	22427	24053	21849	19422	22393	18730	26272	19452	23102	21573	21565	22481	22282	24797	22383	24359	21606	24021	21491	23304	27157	23089	23099
ARL07-1139.snps.consensus.subs.fa	22434	22430	26987	27001	23955	23602	28217	28205	23979	28199	23925	8223	11428	6268	6907	6899	0	26	28	28	30	33	25	27	27	34	33	43	30	36	33	47	9690	9691	9683	9688	6594	9688	6598	9689	9685	6597	6699	39	27	51	37	28	34	45	23	47	38	49	23	24	46	9689	9684	9684	9685	18079	6606	6170	7012	6561	6599	6609	6601	74207	26073	22455	26489	29461	24162	22445	23896	25827	25359	25361	25358	22447	26660	25366	21166	22509	23610	21158	25299	23977	20692	23610	23749	22447	25289	22612	21144	22430	21364	26310	18627	25013	20723	20712	22510	22333	23982	22435	27023	23889	25634	20705	24166	25841	25004	25010
ARL07-1163.snps.consensus.subs.fa	22442	22438	26996	27010	23962	23610	28228	28216	23980	28208	23930	8217	11429	6272	6913	6903	26	0	28	28	28	38	25	33	15	37	40	33	36	22	25	47	9689	9688	9682	9687	6604	9689	6610	9688	9688	6605	6709	45	25	58	48	44	34	52	27	58	47	56	31	24	49	9690	9685	9689	9686	18088	6616	6184	7024	6574	6611	6619	6613	74206	26078	22463	26495	29465	24169	22446	23903	25831	25369	25371	25368	22455	26669	25376	21172	22507	23608	21164	25306	23982	20700	23614	23761	22445	25289	22607	21150	22428	21365	26316	18635	25020	20725	20714	22505	22334	23987	22436	27028	23894	25647	20707	24173	25851	25011	25017
ARL07-1166.snps.consensus.subs.fa	22435	22431	26997	27011	23950	23606	28223	28211	23972	28207	23918	8219	11422	6266	6904	6894	28	28	0	18	20	28	21	27	19	25	48	35	36	24	31	37	9687	9686	9676	9681	6593	9677	6599	9678	9688	6596	6698	31	23	48	40	38	22	36	17	46	41	52	23	22	51	9682	9677	9677	9676	18088	6605	6170	7013	6567	6600	6608	6598	74198	26077	22456	26495	29454	24167	22438	23899	25820	25365	25367	25364	22448	26669	25372	21165	22499	23604	21157	25303	23970	20699	23610	23750	22437	25282	22599	21142	22420	21366	26315	18627	25017	20724	20713	22497	22326	23975	22428	27024	23890	25642	20706	24171	25840	25008	25014
ARL07-1169.snps.consensus.subs.fa	22425	22421	26986	27000	23941	23597	28216	28204	23965	28198	23911	8208	11417	6261	6899	6889	28	28	18	0	14	24	13	23	15	19	48	37	32	20	31	39	9683	9680	9668	9671	6585	9671	6589	9674	9680	6588	6690	19	29	40	46	46	12	28	13	44	47	54	15	14	63	9668	9667	9671	9670	18077	6597	6160	7003	6556	6590	6600	6592	74188	26072	22446	26485	29447	24158	22431	23888	25813	25356	25358	25355	22438	26659	25363	21156	22492	23595	21148	25296	23963	20690	23601	23741	22430	25275	22592	21134	22413	21356	26309	18617	25010	20715	20704	22490	22319	23968	22421	27013	23879	25634	20697	24162	25833	25001	25007
ARL07-1195.snps.consensus.subs.fa	22427	22423	26989	27003	23943	23599	28219	28207	23965	28203	23911	8211	11419	6259	6903	6895	30	28	20	14	0	20	17	21	19	25	40	33	28	12	31	41	9677	9680	9666	9671	6592	9673	6594	9672	9678	6589	6697	29	31	50	50	48	16	38	9	52	49	64	17	18	61	9674	9669	9673	9668	18078	6600	6168	7012	6565	6599	6607	6601	74190	26072	22448	26490	29450	24160	22436	23891	25815	25358	25360	25357	22440	26660	25365	21157	22497	23597	21149	25299	23963	20693	23603	23745	22435	25278	22597	21135	22418	21360	26310	18618	25013	20718	20707	22495	22324	23968	22426	27018	23882	25635	20700	24164	25835	25004	25010
ARL07-1198.snps.consensus.subs.fa	22427	22423	26980	26994	23935	23600	28212	28200	23957	28196	23903	8221	11423	6263	6906	6898	33	38	28	24	20	0	23	24	31	13	34	41	35	24	39	51	9681	9680	9666	9669	6594	9671	6596	9672	9678	6593	6699	33	38	42	42	51	24	30	18	46	43	54	22	28	51	9672	9667	9671	9668	18082	6600	6173	7014	6570	6601	6609	6603	74188	26063	22448	26483	29443	24151	22441	23892	25817	25352	25354	25351	22440	26652	25359	21156	22502	23603	21148	25291	23955	20683	23609	23740	22440	25284	22602	21134	22423	21350	26301	18618	25005	20708	20697	22500	22329	23960	22431	27020	23883	25627	20690	24155	25837	24996	25002
ARL07-1205.snps.consensus.subs.fa	22429	22425	26987	27001	23945	23600	28217	28205	23969	28199	23915	8211	11421	6265	6905	6895	25	25	21	13	17	23	0	22	20	22	43	26	25	21	26	43	9681	9678	9667	9670	6590	9672	6594	9673	9676	6593	6695	26	24	42	47	41	21	33	16	44	46	55	16	11	56	9673	9668	9672	9671	18080	6602	6165	7010	6559	6595	6605	6597	74191	26070	22450	26490	29452	24157	22435	23893	25817	25361	25363	25360	22442	26662	25368	21158	22496	23598	21150	25294	23967	20694	23604	23749	22434	25279	22596	21136	22417	21361	26307	18624	25008	20715	20708	22494	22323	23972	22425	27018	23884	25636	20701	24161	25837	24999	25005
ARL07-1286.snps.consensus.subs.fa	22425	22417	26984	27000	23947	23596	28217	28205	23969	28205	23915	8214	11416	6255	6898	6888	27	33	27	23	21	24	22	0	24	27	48	42	29	23	44	46	9679	9678	9662	9667	6583	9669	6585	9670	9676	6582	6688	34	38	54	56	43	23	42	16	44	55	58	18	27	61	9670	9665	9669	9666	18081	6589	6160	7005	6557	6590	6598	6592	74186	26067	22442	26495	29455	24159	22439	23888	25816	25358	25362	25361	22438	26664	25369	21147	22498	23604	21139	25296	23967	20698	23610	23749	22440	25285	22602	21125	22419	21364	26309	18618	25014	20719	20712	22500	22329	23972	22431	27016	23879	25638	20700	24163	25836	25001	25011
ARL07-1300.snps.consensus.subs.fa	22432	22428	26996	27010	23951	23608	28226	28214	23971	28204	23921	8212	11422	6264	6909	6899	27	15	19	15	19	31	20	24	0	28	43	32	35	17	30	42	9688	9687	9675	9680	6597	9680	6601	9681	9687	6598	6702	30	28	49	49	45	25	39	16	53	50	61	20	21	56	9681	9676	9680	9679	18087	6609	6170	7013	6566	6600	6612	6604	74201	26080	22453	26495	29457	24168	22441	23898	25823	25365	25367	25364	22445	26669	25372	21166	22502	23606	21158	25305	23973	20701	23612	23751	22440	25284	22602	21144	22423	21366	26317	18629	25019	20726	20715	22500	22329	23978	22431	27023	23889	25643	20708	24172	25843	25010	25016
ARL07-1328.snps.consensus.subs.fa	22428	22424	26981	26995	23936	23601	28209	28197	23958	28193	23904	8222	11422	6265	6903	6893	34	37	25	19	25	13	22	27	28	0	43	40	34	27	40	54	9689	9686	9670	9675	6589	9675	6595	9678	9684	6592	6694	28	37	37	41	46	25	25	19	41	40	47	21	27	54	9674	9671	9675	9676	18084	6601	6167	7009	6564	6596	6604	6598	74190	26063	22449	26480	29442	24151	22439	23893	25815	25352	25354	25351	22441	26652	25359	21156	22500	23604	21148	25288	23956	20684	23610	23737	22438	25283	22600	21134	22421	21351	26301	18619	25002	20709	20698	22498	22327	23961	22429	27018	23884	25627	20690	24155	25835	24993	24999
ARL07-1345.snps.consensus.subs.fa	22448	22444	26974	26988	23941	23620	28206	28194	23959	28186	23909	8233	11441	6278	6926	6918	33	40	48	48	40	34	43	48	43	43	0	27	31	40	23	67	9696	9699	9695	9700	6619	9698	6621	9697	9697	6616	6724	61	50	58	26	39	48	52	38	42	27	44	44	44	29	9703	9698	9694	9693	18092	6625	6197	7039	6588	6626	6634	6624	74210	26060	22469	26479	29458	24148	22443	23898	25831	25345	25347	25344	22461	26647	25352	21183	22507	23605	21175	25288	23961	20678	23605	23738	22445	25286	22628	21161	22428	21351	26298	18643	25002	20709	20698	22526	22331	23966	22433	27028	23891	25620	20691	24152	25837	24993	24999
ARL07-1348.snps.consensus.subs.fa	22442	22436	26983	26997	23944	23615	28212	28200	23962	28194	23912	8222	11426	6267	6910	6902	43	33	35	37	33	41	26	42	32	40	27	0	21	31	16	64	9686	9687	9681	9686	6603	9684	6609	9683	9689	6604	6708	48	40	61	37	41	43	53	34	45	38	53	38	33	40	9689	9684	9684	9681	18090	6615	6180	7025	6573	6610	6618	6608	74198	26065	22461	26487	29458	24155	22433	23896	25820	25355	25359	25356	22455	26660	25364	21172	22492	23595	21164	25290	23964	20691	23601	23747	22432	25275	22612	21150	22413	21358	26305	18640	25006	20712	20705	22510	22321	23969	22423	27021	23887	25633	20696	24159	25832	24995	25003
ARL07-1351.snps.consensus.subs.fa	22437	22429	26981	26997	23942	23607	28209	28197	23963	28196	23910	8227	11430	6271	6911	6901	30	36	36	32	28	35	25	29	35	34	31	21	0	26	19	59	9692	9689	9679	9684	6596	9686	6602	9685	9687	6599	6701	41	37	55	37	26	38	47	25	37	36	43	25	28	40	9687	9682	9686	9685	18084	6608	6173	7016	6566	6603	6611	6605	74194	26063	22454	26484	29456	24156	22436	23885	25816	25350	25354	25353	22450	26656	25361	21164	22495	23597	21156	25288	23962	20688	23603	23744	22437	25282	22617	21142	22416	21355	26305	18630	25006	20713	20702	22515	22326	23967	22428	27010	23876	25630	20691	24160	25828	24993	25003
ARL07-1384.snps.consensus.subs.fa	22428	22420	26989	27005	23949	23605	28222	28210	23967	28206	23917	8211	11416	6259	6906	6896	36	22	24	20	12	24	21	23	17	27	40	31	26	0	33	47	9681	9680	9666	9671	6593	9673	6595	9672	9678	6592	6698	35	37	54	58	52	22	42	15	54	55	60	23	24	53	9674	9669	9673	9670	18083	6601	6172	7013	6569	6600	6608	6602	74190	26072	22445	26495	29456	24165	22437	23894	25817	25362	25366	25365	22441	26665	25373	21156	22496	23603	21148	25299	23969	20697	23609	23754	22438	25283	22600	21134	22417	21364	26314	18622	25017	20722	20711	22498	22327	23974	22429	27021	23885	25643	20700	24169	25837	25004	25014
ARL07-973.snps.consensus.subs.fa	22448	22444	26985	26999	23947	23615	28214	28202	23967	28196	23915	8225	11434	6278	6917	6907	33	25	31	31	31	39	26	44	30	40	23	16	19	33	0	54	9694	9691	9689	9694	6609	9692	6615	9691	9695	6610	6714	46	30	55	29	31	37	49	30	45	32	45	34	27	36	9697	9692	9692	9691	18089	6621	6187	7029	6577	6616	6624	6614	74204	26070	22469	26484	29459	24158	22437	23894	25825	25354	25356	25353	22461	26658	25361	21179	22498	23595	21171	25295	23967	20690	23601	23747	22436	25280	22616	21157	22419	21356	26307	18642	25009	20715	20704	22514	22325	23972	22427	27019	23885	25631	20697	24162	25837	25000	25006
ARL08-105.snps.consensus.subs.fa	22438	22434	26970	26984	23952	23581	28201	28189	23976	28183	23922	8190	11447	6287	6899	6889	47	47	37	39	41	51	43	46	42	54	67	64	59	47	54	0	9696	9693	9693	9698	6585	9698	6585	9699	9693	6584	6690	56	36	33	59	53	41	47	40	53	60	69	46	41	58	9699	9694	9698	9697	18101	6591	6160	7005	6544	6590	6600	6592	74201	26053	22459	26471	29460	24141	22447	23900	25827	25340	25342	25339	22451	26643	25347	21169	22508	23579	21161	25281	23974	20674	23585	23755	22446	25291	22608	21146	22429	21340	26290	18631	24995	20699	20688	22506	22335	23979	22437	27027	23891	25618	20681	24145	25847	24986	24992
ARL08-1074.snps.consensus.subs.fa	26352	26341	30181	30196	27903	26570	31537	31528	27924	31526	27875	13582	12250	7600	11063	11054	9690	9689	9687	9683	9677	9681	9681	9679	9688	9689	9696	9686	9692	9681	9694	9696	0	13	22	27	10883	26	10883	23	23	10880	10989	9694	9690	9698	9705	9707	9687	9699	9680	9699	9704	9711	9681	9681	9712	48	23	28	21	9312	10892	11472	11042	11842	10886	10901	10886	74435	28660	26357	30992	32278	27919	25989	28599	30155	28791	28794	28794	26353	30640	28802	23427	26047	26572	23419	28753	27904	24417	26578	26448	25990	28234	26130	23406	25968	24260	29096	20324	28490	24439	24432	26048	26420	27909	25990	30485	28592	29185	24418	27908	30176	28475	28486
ARL08-1077.snps.consensus.subs.fa	26353	26342	30177	30192	27902	26564	31535	31526	27923	31524	27874	13582	12249	7603	11063	11054	9691	9688	9686	9680	9680	9680	9678	9678	9687	9686	9699	9687	9689	9680	9691	9693	13	0	17	24	10880	23	10880	20	18	10879	10986	9691	9687	9695	9704	9704	9686	9696	9681	9696	9705	9708	9682	9680	9711	41	24	23	18	9309	10889	11469	11039	11838	10883	10898	10883	74434	28658	26358	30989	32278	27918	25983	28596	30156	28789	28792	28792	26354	30638	28800	23427	26041	26568	23419	28752	27903	24414	26574	26445	25984	28233	26124	23406	25962	24255	29092	20325	28489	24436	24429	26042	26414	27908	25984	30480	28589	29181	24415	27907	30177	28476	28485
ARL08-1189.snps.consensus.subs.fa	26340	26329	30179	30194	27889	26568	31537	31528	27910	31526	27861	13584	12240	7592	11055	11046	9683	9682	9676	9668	9666	9666	9667	9662	9675	9670	9695	9681	9679	9666	9689	9693	22	17	0	15	10867	20	10867	13	17	10866	10973	9677	9681	9697	9702	9694	9672	9686	9667	9694	9701	9700	9668	9670	9707	28	11	18	11	9301	10876	11456	11030	11839	10870	10885	10874	74419	28658	26345	30990	32266	27917	25976	28586	30143	28790	28793	28793	26341	30638	28801	23412	26034	26572	23404	28751	27890	24414	26578	26431	25977	28221	26113	23391	25955	24257	29092	20310	28488	24436	24429	26035	26407	27895	25973	30470	28579	29181	24414	27906	30164	28475	28484
ARL08-1215.snps.consensus.subs.fa	26334	26324	30177	30192	27885	26566	31536	31527	27906	31525	27857	13588	12239	7600	11054	11045	9688	9687	9681	9671	9671	9669	9670	9667	9680	9675	9700	9686	9684	9671	9694	9698	27	24	15	0	10866	14	10866	26	27	10865	10972	9680	9686	9700	9707	9701	9675	9689	9672	9697	9706	9705	9671	9673	9712	30	15	16	20	9307	10875	11463	11025	11846	10869	10884	10873	74417	28658	26340	30995	32262	27914	25970	28583	30139	28791	28794	28794	26336	30638	28802	23413	26028	26570	23405	28748	27886	24413	26576	26431	25971	28220	26111	23392	25949	24256	29092	20306	28485	24435	24428	26029	26401	27891	25971	30467	28576	29181	24414	27903	30160	28472	28481
ARL08-1218.snps.consensus.subs.fa	23225	23214	23699	23715	24767	22592	25295	25281	24777	25277	24735	11899	7032	6649	490	444	6594	6604	6593	6585	6592	6594	6590	6583	6597	6589	6619	6603	6596	6593	6609	6585	10883	10880	10867	10866	0	10867	14	10874	10875	23	123	6594	6602	6583	6616	6610	6591	6586	6586	6608	6617	6619	6585	6593	6615	10862	10867	10864	10871	16480	33	4723	616	5102	33	37	29	74319	26806	23238	24203	29121	23309	22523	21770	27126	23557	23566	23561	23237	23902	23566	19455	22579	22590	19446	23402	24775	21547	22593	23931	22527	24166	21949	19417	22495	18844	26280	19441	23106	21566	21558	22581	22382	24782	22483	24475	21717	24017	21484	23309	27141	23093	23103
ARL08-1249.snps.consensus.subs.fa	26334	26325	30176	30191	27886	26565	31535	31526	27907	31524	27858	13590	12236	7596	11051	11042	9688	9689	9677	9671	9673	9671	9672	9669	9680	9675	9698	9684	9686	9673	9692	9698	26	23	20	14	10867	0	10867	23	29	10866	10973	9680	9688	9696	9703	9701	9675	9685	9672	9697	9702	9703	9673	9675	9710	30	17	12	17	9310	10876	11463	11026	11846	10870	10885	10870	74417	28657	26341	30993	32263	27914	25970	28581	30140	28789	28792	28792	26337	30636	28800	23415	26028	26569	23407	28748	27887	24412	26575	26429	25971	28219	26111	23394	25949	24255	29091	20308	28485	24434	24427	26029	26401	27892	25971	30465	28574	29179	24413	27903	30161	28472	28481
ARL08-1256.snps.consensus.subs.fa	23215	23204	23689	23705	24757	22584	25288	25274	24769	25268	24727	11898	7028	6648	496	450	6598	6610	6599	6589	6594	6596	6594	6585	6601	6595	6621	6609	6602	6595	6615	6585	10883	10880	10867	10866	14	10867	0	10874	10875	27	131	6598	6606	6587	6622	6616	6593	6590	6588	6614	6623	6625	6589	6597	6621	10862	10867	10864	10871	16481	37	4727	620	5106	37	45	35	74321	26808	23228	24195	29114	23299	22517	21761	27120	23548	23557	23552	23227	23892	23557	19447	22573	22582	19438	23394	24767	21548	22585	23935	22521	24171	21943	19409	22489	18834	26270	19433	23098	21567	21559	22575	22376	24774	22477	24468	21708	24008	21485	23299	27135	23085	23095
ARL08-1292.snps.consensus.subs.fa	26346	26335	30187	30202	27896	26575	31543	31534	27917	31532	27868	13589	12240	7593	11056	11045	9689	9688	9678	9674	9672	9672	9673	9670	9681	9678	9697	9683	9685	9672	9691	9699	23	20	13	26	10874	23	10874	0	26	10873	10980	9681	9687	9699	9704	9702	9678	9688	9673	9700	9703	9706	9674	9676	9709	35	18	23	14	9309	10883	11463	11037	11846	10877	10892	10877	74424	28664	26351	30998	32272	27926	25984	28590	30148	28796	28799	28799	26347	30644	28807	23420	26042	26577	23412	28760	27897	24423	26583	26438	25985	28225	26119	23399	25963	24266	29100	20315	28497	24445	24438	26043	26415	27902	25981	30477	28583	29189	24424	27915	30169	28482	28493
ARL08-1309.snps.consensus.subs.fa	26345	26336	30172	30187	27896	26565	31533	31524	27917	31522	27868	13583	12248	7602	11063	11054	9685	9688	9688	9680	9678	9678	9676	9676	9687	9684	9697	9689	9687	9678	9695	9693	23	18	17	27	10875	29	10875	26	0	10874	10981	9689	9687	9697	9708	9702	9684	9698	9679	9694	9707	9708	9680	9678	9713	39	22	23	22	9302	10884	11466	11038	11837	10878	10893	10882	74430	28654	26352	30987	32275	27913	25983	28591	30150	28786	28789	28789	26348	30632	28797	23421	26041	26569	23413	28747	27897	24407	26575	26437	25984	28228	26120	23400	25962	24250	29088	20315	28484	24429	24422	26042	26414	27902	25980	30477	28586	29175	24408	27902	30171	28471	28480
ARL08-1412.snps.consensus.subs.fa	23223	23213	23696	23712	24767	22594	25296	25283	24775	25277	24735	11897	7033	6645	489	451	6597	6605	6596	6588	6589	6593	6593	6582	6598	6592	6616	6604	6599	6592	6610	6584	10880	10879	10866	10865	23	10866	27	10873	10874	0	118	6597	6603	6586	6617	6613	6590	6589	6583	6611	6618	6622	6586	6596	6618	10861	10866	10863	10870	16478	20	4726	615	5105	30	32	24	74318	26804	23237	24201	29123	23306	22525	21767	27128	23554	23563	23558	23236	23899	23563	19455	22581	22593	19446	23402	24774	21545	22596	23931	22529	24166	21951	19417	22497	18842	26278	19440	23106	21564	21556	22583	22384	24781	22485	24474	21714	24015	21482	23306	27143	23093	23103
ARL08-1437.snps.consensus.subs.fa	23161	23151	23616	23632	24705	22529	25214	25201	24715	25197	24673	11802	6933	6550	414	374	6699	6709	6698	6690	6697	6699	6695	6688	6702	6694	6724	6708	6701	6698	6714	6690	10989	10986	10973	10972	123	10973	131	10980	10981	118	0	6699	6707	6688	6721	6715	6696	6691	6691	6713	6722	6724	6690	6698	6720	10968	10973	10970	10977	16585	130	4825	717	5028	130	134	124	74341	26724	23175	24119	29058	23233	22458	21703	27064	23475	23484	23479	23174	23819	23484	19373	22514	22528	19364	23327	24712	21483	22531	23856	22462	24087	21884	19335	22430	18780	26197	19379	23031	21502	21494	22516	22317	24719	22418	24373	21650	23935	21420	23233	27079	23018	23028
ARL08-288.snps.consensus.subs.fa	22425	22421	26990	27004	23945	23599	28217	28205	23969	28199	23915	8217	11420	6264	6907	6897	39	45	31	19	29	33	26	34	30	28	61	48	41	35	46	56	9694	9691	9677	9680	6594	9680	6598	9681	9689	6597	6699	0	40	49	57	53	23	39	26	55	58	65	26	27	74	9677	9676	9680	9681	18086	6606	6167	7010	6564	6597	6609	6601	74193	26075	22446	26490	29450	24162	22437	23893	25817	25361	25363	25360	22438	26661	25368	21156	22498	23601	21148	25300	23967	20695	23607	23746	22436	25281	22598	21134	22419	21362	26312	18618	25014	20720	20709	22496	22325	23972	22427	27017	23884	25636	20702	24166	25837	25005	25011
ARL08-32.snps.consensus.subs.fa	22441	22437	26998	27012	23955	23609	28225	28213	23979	28207	23925	8220	11435	6276	6914	6904	27	25	23	29	31	38	24	38	28	37	50	40	37	37	30	36	9690	9687	9681	9686	6602	9688	6606	9687	9687	6603	6707	40	0	56	30	27	37	48	30	42	33	44	30	25	43	9689	9684	9688	9687	18083	6614	6177	7020	6567	6607	6617	6609	74208	26078	22462	26495	29461	24168	22451	23905	25827	25366	25368	25365	22454	26670	25373	21173	22512	23609	21165	25302	23977	20699	23615	23757	22450	25294	22612	21150	22433	21365	26315	18637	25016	20724	20713	22510	22339	23982	22441	27029	23896	25643	20706	24172	25847	25007	25013
ARL08-339.snps.consensus.subs.fa	22434	22430	26961	26975	23941	23580	28189	28177	23965	28171	23911	8199	11441	6284	6894	6884	51	58	48	40	50	42	42	54	49	37	58	61	55	54	55	33	9698	9695	9697	9700	6583	9696	6587	9699	9697	6586	6688	49	56	0	56	65	42	22	44	52	55	64	42	44	59	9695	9696	9696	9697	18101	6595	6156	6998	6541	6586	6598	6586	74199	26044	22455	26460	29448	24131	22448	23900	25822	25332	25334	25331	22447	26632	25339	21165	22509	23583	21157	25268	23963	20663	23589	23745	22447	25292	22609	21143	22430	21330	26281	18627	24982	20688	20677	22507	22336	23968	22438	27025	23891	25606	20670	24135	25842	24973	24979
ARL08-35.snps.consensus.subs.fa	22456	22452	26979	26993	23943	23623	28206	28194	23965	28190	23911	8240	11447	6287	6922	6914	37	48	40	46	50	42	47	56	49	41	26	37	37	58	29	59	9705	9704	9702	9707	6616	9703	6622	9704	9708	6617	6721	57	30	56	0	21	54	48	46	20	5	22	50	50	21	9704	9703	9703	9702	18097	6628	6194	7036	6584	6623	6631	6621	74212	26059	22477	26477	29456	24149	22444	23903	25830	25347	25349	25346	22469	26652	25354	21186	22508	23608	21178	25284	23963	20681	23608	23739	22446	25287	22629	21163	22429	21353	26297	18650	24998	20712	20701	22527	22332	23968	22434	27027	23894	25624	20694	24153	25836	24989	24995
ARL08-39.snps.consensus.subs.fa	22449	22445	26987	27001	23951	23616	28212	28200	23973	28196	23919	8237	11446	6286	6925	6915	28	44	38	46	48	51	41	43	45	46	39	41	26	52	31	53	9707	9704	9694	9701	6610	9701	6616	9702	9702	6613	6715	53	27	65	21	0	50	59	39	27	20	25	41	40	30	9702	9697	9701	9702	18096	6622	6185	7028	6576	6615	6625	6619	74212	26065	22470	26484	29464	24156	22442	23895	25829	25354	25356	25353	22462	26658	25361	21178	22506	23606	21170	25291	23971	20688	23606	23746	22444	25287	22627	21155	22427	21361	26303	18643	25005	20719	20708	22525	22330	23976	22432	27019	23886	25630	20700	24160	25835	24996	25002
ARL08-391.snps.consensus.subs.fa	22426	22422	26986	27000	23943	23597	28218	28206	23965	28202	23911	8210	11419	6262	6906	6896	34	34	22	12	16	24	21	23	25	25	48	43	38	22	37	41	9687	9686	9672	9675	6591	9675	6593	9678	9684	6590	6696	23	37	42	54	50	0	34	15	50	53	60	21	20	67	9672	9671	9675	9674	18080	6597	6168	7010	6565	6598	6606	6600	74186	26071	22447	26490	29449	24159	22434	23889	25816	25357	25359	25356	22439	26659	25364	21156	22495	23595	21148	25300	23963	20691	23601	23744	22433	25278	22595	21134	22416	21358	26309	18617	25014	20716	20705	22493	22322	23968	22424	27017	23880	25633	20698	24163	25836	25005	25011
ARL08-394.snps.consensus.subs.fa	22429	22425	26976	26990	23936	23595	28204	28192	23960	28186	23906	8214	11433	6275	6897	6887	45	52	36	28	38	30	33	42	39	25	52	53	47	42	49	47	9699	9696	9686	9689	6586	9685	6590	9688	9698	6589	6691	39	48	22	48	59	34	0	32	50	47	58	30	38	51	9686	9685	9685	9686	18095	6598	6161	7004	6558	6591	6601	6589	74196	26059	22450	26474	29443	24146	22443	23894	25817	25346	25348	25345	22442	26647	25353	21161	22504	23598	21153	25283	23958	20678	23604	23740	22442	25287	22604	21139	22425	21345	26296	18623	24997	20703	20692	22502	22331	23963	22433	27019	23885	25621	20685	24150	25837	24988	24994
ARL08-428.snps.consensus.subs.fa	22422	22418	26987	27001	23941	23595	28217	28205	23963	28201	23909	8212	11418	6256	6899	6889	23	27	17	13	9	18	16	16	16	19	38	34	25	15	30	40	9680	9681	9667	9672	6586	9672	6588	9673	9679	6583	6691	26	30	44	46	39	15	32	0	48	45	58	10	19	59	9673	9668	9672	9671	18078	6594	6163	7006	6560	6593	6601	6595	74189	26070	22443	26488	29448	24158	22436	23886	25814	25355	25357	25354	22435	26659	25362	21152	22497	23599	21144	25297	23961	20690	23605	23743	22435	25279	22597	21130	22418	21357	26308	18614	25011	20715	20704	22495	22324	23966	22426	27013	23877	25632	20697	24162	25834	25002	25008
ARL08-43.snps.consensus.subs.fa	22453	22445	26966	26982	23941	23614	28193	28181	23963	28181	23909	8228	11444	6287	6923	6913	47	58	46	44	52	46	44	44	53	41	42	45	37	54	45	53	9699	9696	9694	9697	6608	9697	6614	9700	9694	6611	6713	55	42	52	20	27	50	50	48	0	19	24	50	50	31	9694	9693	9697	9698	18100	6620	6185	7030	6570	6615	6623	6617	74202	26045	22470	26472	29455	24138	22438	23900	25824	25339	25343	25342	22466	26645	25350	21177	22500	23599	21169	25270	23961	20675	23599	23739	22442	25285	22625	21154	22421	21348	26287	18648	24988	20702	20695	22523	22328	23966	22430	27024	23891	25618	20684	24142	25830	24975	24985
ARL08-46.snps.consensus.subs.fa	22456	22452	26980	26994	23943	23624	28206	28194	23965	28190	23911	8240	11447	6286	6923	6915	38	47	41	47	49	43	46	55	50	40	27	38	36	55	32	60	9704	9705	9701	9706	6617	9702	6623	9703	9707	6618	6722	58	33	55	5	20	53	47	45	19	0	17	49	49	18	9703	9702	9702	9701	18098	6629	6195	7037	6586	6624	6632	6622	74211	26058	22477	26477	29457	24148	22444	23902	25830	25349	25351	25348	22469	26651	25356	21185	22508	23609	21177	25283	23963	20680	23609	23741	22446	25287	22629	21162	22429	21353	26296	18649	24997	20711	20700	22527	22332	23968	22434	27026	23893	25625	20693	24152	25836	24988	24994
ARL08-477.snps.consensus.subs.fa	22463	22455	26981	26997	23951	23630	28208	28196	23973	28196	23919	8242	11450	6293	6927	6920	49	56	52	54	64	54	55	58	61	47	44	53	43	60	45	69	9711	9708	9700	9705	6619	9703	6625	9706	9708	6622	6724	65	44	64	22	25	60	58	58	24	17	0	60	54	27	9702	9701	9703	9704	18103	6631	6195	7037	6586	6624	6634	6626	74214	26058	22480	26482	29464	24154	22447	23907	25833	25351	25355	25354	22476	26656	25362	21186	22509	23615	21178	25285	23971	20685	23615	23748	22451	25294	22634	21163	22430	21358	26301	18655	25003	20716	20705	22532	22337	23976	22439	27031	23898	25631	20693	24158	25839	24990	25000
ARL08-484.snps.consensus.subs.fa	22424	22420	26991	27005	23944	23598	28220	28208	23968	28202	23914	8218	11420	6258	6898	6888	23	31	23	15	17	22	16	18	20	21	44	38	25	23	34	46	9681	9682	9668	9671	6585	9673	6589	9674	9680	6586	6690	26	30	42	50	41	21	30	10	50	49	60	0	19	61	9674	9669	9673	9670	18083	6597	6160	7005	6557	6590	6600	6592	74192	26075	22445	26491	29450	24162	22441	23888	25816	25361	25363	25360	22437	26663	25368	21155	22502	23606	21147	25299	23966	20694	23612	23746	22440	25284	22602	21133	22423	21361	26312	18617	25013	20719	20708	22500	22329	23971	22431	27013	23879	25637	20701	24166	25836	25004	25010
ARL08-552.snps.consensus.subs.fa	22431	22427	26989	27003	23947	23599	28218	28206	23971	28200	23917	8212	11424	6268	6908	6898	24	24	22	14	18	28	11	27	21	27	44	33	28	24	27	41	9681	9680	9670	9673	6593	9675	6597	9676	9678	6596	6698	27	25	44	50	40	20	38	19	50	49	54	19	0	57	9676	9671	9675	9672	18078	6605	6166	7011	6559	6596	6608	6600	74196	26073	22452	26489	29452	24161	22437	23894	25819	25360	25362	25359	22444	26661	25367	21163	22498	23597	21155	25299	23969	20693	23603	23748	22436	25281	22598	21141	22419	21360	26310	18624	25013	20718	20707	22496	22325	23974	22427	27019	23885	25636	20700	24165	25839	25004	25010
ARL08-67.snps.consensus.subs.fa	22462	22454	26979	26995	23954	23627	28206	28194	23972	28190	23922	8237	11453	6295	6923	6915	46	49	51	63	61	51	56	61	56	54	29	40	40	53	36	58	9712	9711	9707	9712	6615	9710	6621	9709	9713	6618	6720	74	43	59	21	30	67	51	59	31	18	27	61	57	0	9715	9710	9710	9707	18111	6627	6194	7035	6585	6622	6630	6620	74217	26058	22479	26481	29466	24153	22451	23911	25837	25349	25353	25352	22475	26655	25360	21191	22513	23612	21183	25284	23974	20684	23612	23751	22455	25297	22638	21168	22434	21357	26300	18659	25002	20715	20704	22536	22341	23979	22443	27035	23902	25629	20693	24157	25843	24989	24999
ARL08-712.snps.consensus.subs.fa	26326	26318	30165	30180	27874	26549	31523	31514	27895	31512	27844	13586	12235	7594	11050	11041	9689	9690	9682	9668	9674	9672	9673	9670	9681	9674	9703	9689	9687	9674	9697	9699	48	41	28	30	10862	30	10862	35	39	10861	10968	9677	9689	9695	9704	9702	9672	9686	9673	9694	9703	9702	9674	9676	9715	0	31	26	31	9299	10871	11457	11025	11838	10865	10880	10869	74404	28639	26333	30983	32255	27899	25962	28569	30128	28778	28781	28781	26330	30621	28789	23404	26020	26555	23396	28735	27875	24397	26561	26414	25963	28204	26096	23383	25941	24241	29074	20291	28472	24420	24413	26021	26393	27880	25959	30454	28567	29163	24399	27888	30149	28459	28468
ARL08-781.snps.consensus.subs.fa	26335	26326	30179	30194	27889	26570	31538	31529	27910	31527	27861	13585	12239	7593	11055	11046	9684	9685	9677	9667	9669	9667	9668	9665	9676	9671	9698	9684	9682	9669	9692	9694	23	24	11	15	10867	17	10867	18	22	10866	10973	9676	9684	9696	9703	9697	9671	9685	9668	9693	9702	9701	9669	9671	9710	31	0	19	16	9302	10876	11457	11030	11840	10870	10885	10874	74416	28657	26342	30990	32266	27915	25976	28584	30141	28790	28793	28793	26338	30637	28801	23408	26034	26572	23400	28749	27890	24414	26578	26432	25977	28219	26113	23387	25955	24257	29093	20305	28486	24436	24429	26035	26407	27895	25973	30470	28577	29182	24415	27904	30162	28471	28482
ARL08-804.snps.consensus.subs.fa	26332	26323	30174	30189	27883	26564	31533	31524	27904	31522	27853	13586	12236	7595	11049	11040	9684	9689	9677	9671	9673	9671	9672	9669	9680	9675	9694	9684	9686	9673	9692	9698	28	23	18	16	10864	12	10864	23	23	10863	10970	9680	9688	9696	9703	9701	9675	9685	9672	9697	9702	9703	9673	9675	9710	26	19	0	17	9304	10873	11460	11023	11842	10867	10882	10867	74417	28655	26339	30993	32262	27914	25970	28579	30137	28788	28791	28791	26335	30633	28799	23412	26028	26570	23404	28749	27884	24406	26576	26427	25971	28219	26111	23391	25949	24252	29089	20304	28486	24430	24423	26029	26401	27889	25971	30466	28574	29176	24409	27903	30158	28473	28482
ARL08-902.snps.consensus.subs.fa	26345	26334	30181	30196	27894	26571	31541	31532	27915	31530	27866	13591	12239	7592	11053	11046	9685	9686	9676	9670	9668	9668	9671	9666	9679	9676	9693	9681	9685	9670	9691	9697	21	18	11	20	10871	17	10871	14	22	10870	10977	9681	9687	9697	9702	9702	9674	9686	9671	9698	9701	9704	9670	9672	9707	31	16	17	0	9309	10880	11461	11034	11844	10874	10889	10874	74424	28662	26350	30996	32268	27922	25978	28589	30148	28794	28797	28797	26346	30642	28805	23419	26036	26575	23411	28756	27895	24417	26581	26434	25979	28222	26115	23398	25957	24260	29096	20315	28493	24439	24432	26037	26409	27900	25975	30473	28582	29185	24418	27911	30169	28480	28489
ARL08-983.snps.consensus.subs.fa	26178	26166	26114	26129	27167	26588	27862	27857	27185	27860	27132	22156	14714	16204	16815	16806	18079	18088	18088	18077	18078	18082	18080	18081	18087	18084	18092	18090	18084	18083	18089	18101	9312	9309	9301	9307	16480	9310	16481	9309	9302	16478	16585	18086	18083	18101	18097	18096	18080	18095	18078	18100	18098	18103	18083	18078	18111	9299	9302	9304	9309	0	16488	17927	16601	18304	16485	16498	16488	74974	29363	26181	29230	28748	25846	27447	27780	28928	27839	27843	27844	26179	26594	27848	24432	27506	26587	24413	24737	27165	25076	26593	25384	27449	26612	26841	24409	27426	23240	27833	24676	24474	25102	25090	27507	27880	27170	27444	28144	27784	28232	25073	25835	28942	24460	24474
ARL09-100.snps.consensus.subs.fa	23228	23218	23701	23717	24773	22601	25302	25289	24781	25283	24741	11906	7041	6655	501	463	6606	6616	6605	6597	6600	6600	6602	6589	6609	6601	6625	6615	6608	6601	6621	6591	10892	10889	10876	10875	33	10876	37	10883	10884	20	130	6606	6614	6595	6628	6622	6597	6598	6594	6620	6629	6631	6597	6605	6627	10871	10876	10873	10880	16488	0	4736	603	5115	40	20	34	74324	26809	23242	24207	29129	23311	22533	21773	27135	23559	23568	23563	23241	23904	23568	19459	22589	22600	19450	23408	24780	21551	22603	23937	22537	24173	21958	19421	22505	18848	26283	19447	23112	21570	21562	22591	22392	24787	22493	24480	21720	24020	21488	23311	27150	23099	23109
ARL09-1074a.snps.consensus.subs.fa	24669	24659	27290	27305	25651	25791	28439	28428	25663	28422	25625	12683	10842	7356	4991	4981	6170	6184	6170	6160	6168	6173	6165	6160	6170	6167	6197	6180	6173	6172	6187	6160	11472	11469	11456	11463	4723	11463	4727	11463	11466	4726	4825	6167	6177	6156	6194	6185	6168	6161	6163	6185	6195	6195	6160	6166	6194	11457	11457	11460	11461	17927	4736	0	5215	520	4728	4740	4729	74261	27870	24682	26381	31331	24813	24422	24233	27849	25494	25503	25498	24681	27048	25503	21816	24478	25793	21806	25779	25664	22966	25795	24846	24425	26202	24576	21779	24394	21722	28072	20160	25483	22984	22976	24480	24282	25672	24382	27326	24180	25874	22903	24813	27864	25471	25481
ARL09-1209.snps.consensus.subs.fa	23352	23342	23424	23440	24890	22724	25346	25333	24902	25328	24860	12262	6748	7004	1020	990	7012	7024	7013	7003	7012	7014	7010	7005	7013	7009	7039	7025	7016	7013	7029	7005	11042	11039	11030	11025	616	11026	620	11037	11038	615	717	7010	7020	6998	7036	7028	7010	7004	7006	7030	7037	7037	7005	7011	7035	11025	11030	11023	11034	16601	603	5215	0	5594	618	611	618	74362	26865	23366	24026	28856	23366	22665	21886	27253	23592	23601	23595	23365	23932	23600	19488	22721	22728	19479	23433	24898	21695	22731	23986	22669	24315	22102	19450	22637	18991	26328	19564	23137	21716	21706	22723	22524	24905	22637	24422	21833	24059	21632	23366	27268	23124	23134
ARL09-1265.snps.consensus.subs.fa	24707	24697	26877	26892	25692	25630	28168	28159	25704	28151	25664	12536	11050	7561	5089	5078	6561	6574	6567	6556	6565	6570	6559	6557	6566	6564	6588	6573	6566	6569	6577	6544	11842	11838	11839	11846	5102	11846	5106	11846	11837	5105	5028	6564	6567	6541	6584	6576	6565	6558	6560	6570	6586	6586	6557	6559	6585	11838	11840	11842	11844	18304	5115	520	5594	0	5107	5119	5108	74355	27996	24720	26038	31356	24550	24276	24307	27885	25159	25168	25163	24719	26777	25167	22043	24181	25632	22033	25515	25705	22909	25634	24826	24279	25964	24427	22004	24248	21564	28202	20405	25218	22929	22921	24183	24139	25713	24239	27374	24256	25603	22850	24550	27900	25206	25216
ARL09-1374.snps.consensus.subs.fa	23233	23223	23702	23718	24772	22601	25302	25289	24784	25283	24742	11906	7038	6654	503	461	6599	6611	6600	6590	6599	6601	6595	6590	6600	6596	6626	6610	6603	6600	6616	6590	10886	10883	10870	10869	33	10870	37	10877	10878	30	130	6597	6607	6586	6623	6615	6598	6591	6593	6615	6624	6624	6590	6596	6622	10865	10870	10867	10874	16485	40	4728	618	5107	0	44	32	74329	26812	23247	24206	29129	23312	22529	21776	27134	23562	23571	23566	23246	23905	23571	19460	22585	22600	19451	23406	24782	21551	22603	23936	22533	24170	21954	19422	22501	18848	26285	19447	23110	21570	21562	22587	22388	24789	22489	24478	21723	24022	21488	23312	27149	23097	23107
ARL09-146.snps.consensus.subs.fa	23231	23221	23709	23725	24775	22602	25302	25289	24785	25283	24743	11912	7049	6666	509	469	6609	6619	6608	6600	6607	6609	6605	6598	6612	6604	6634	6618	6611	6608	6624	6600	10901	10898	10885	10884	37	10885	45	10892	10893	32	134	6609	6617	6598	6631	6625	6606	6601	6601	6623	6632	6634	6600	6608	6630	10880	10885	10882	10889	16498	20	4740	611	5119	44	0	38	74333	26818	23245	24213	29128	23320	22530	21779	27134	23569	23578	23573	23244	23912	23578	19467	22586	22601	19458	23414	24782	21560	22604	23943	22534	24179	21963	19429	22502	18857	26292	19455	23118	21579	21571	22592	22393	24789	22494	24483	21726	24029	21497	23320	27149	23105	23115
ARL09-193.snps.consensus.subs.fa	23233	23223	23702	23718	24774	22602	25302	25289	24786	25283	24744	11909	7038	6654	495	455	6601	6613	6598	6592	6601	6603	6597	6592	6604	6598	6624	6608	6605	6602	6614	6592	10886	10883	10874	10873	29	10870	35	10877	10882	24	124	6601	6609	6586	6621	6619	6600	6589	6595	6617	6622	6626	6592	6600	6620	10869	10874	10867	10874	16488	34	4729	618	5108	32	38	0	74328	26814	23247	24206	29126	23314	22532	21775	27134	23563	23572	23567	23246	23906	23572	19464	22588	22601	19455	23407	24784	21554	22604	23936	22536	24174	21958	19426	22504	18851	26287	19450	23111	21573	21565	22590	22391	24791	22492	24479	21722	24023	21491	23314	27149	23098	23108
ARL09-409.snps.consensus.subs.fa	76024	76008	76476	76494	76062	76017	76405	76397	76075	76402	76039	74600	74398	73996	74389	74383	74207	74206	74198	74188	74190	74188	74191	74186	74201	74190	74210	74198	74194	74190	74204	74201	74435	74434	74419	74417	74319	74417	74321	74424	74430	74318	74341	74193	74208	74199	74212	74212	74186	74196	74189	74202	74211	74214	74192	74196	74217	74404	74416	74417	74424	74974	74324	74261	74362	74355	74329	74333	74328	0	76169	76033	76251	76637	76095	75718	76056	76264	76319	76325	76324	76033	76339	76327	75948	75711	76042	75942	76405	76076	75793	76051	75982	75720	76115	75798	75925	75728	75998	76231	75355	76421	75815	75808	75718	75728	76079	75707	76324	76073	76208	75838	76117	76273	76410	76418
IV28.snps.consensus.subs.fa	19018	19020	19022	19002	15972	19035	17702	17708	15981	17732	16004	29649	26581	24999	26795	26788	26073	26078	26077	26072	26072	26063	26070	26067	26080	26063	26060	26065	26063	26072	26070	26053	28660	28658	28658	28658	26806	28657	26808	28664	28654	26804	26724	26075	26078	26044	26059	26065	26071	26059	26070	26045	26058	26058	26075	26073	26058	28639	28657	28655	28662	29363	26809	27870	26865	27996	26812	26818	26814	76169	0	19016	17770	18741	14435	18430	18221	16509	16394	16389	16391	19030	18237	16396	20315	18505	19074	20318	15760	15992	13360	19071	13608	18442	20010	18621	20334	18470	14626	2930	20582	15927	13339	13316	18523	18895	15978	18414	17839	18204	16139	13378	14446	16509	15919	15928
TV10.snps.consensus.subs.fa	107	50	14694	14707	9340	14292	15826	15836	9296	15829	9330	26111	22706	22215	23249	23244	22455	22463	22456	22446	22448	22448	22450	22442	22453	22449	22469	22461	22454	22445	22469	22459	26357	26358	26345	26340	23238	26341	23228	26351	26352	23237	23175	22446	22462	22455	22477	22470	22447	22450	22443	22470	22477	22480	22445	22452	22479	26333	26342	26339	26350	26181	23242	24682	23366	24720	23247	23245	23247	76033	19016	0	13205	12686	14182	16108	10955	10570	13881	13870	13872	30	13798	13882	20465	16169	14346	20452	15147	9299	13742	14346	14569	16113	18425	16285	20447	16150	14460	19513	15240	15283	13775	13761	16152	15601	9312	16088	14998	10989	13762	13827	14219	10573	15279	15284
TV104.snps.consensus.subs.fa	13182	13196	6400	6383	12666	16121	6439	6445	12689	6468	12690	28485	24611	25947	24130	24121	26489	26495	26495	26485	26490	26483	26490	26495	26495	26480	26479	26487	26484	26495	26484	26471	30992	30989	30990	30995	24203	30993	24195	30998	30987	24201	24119	26490	26495	26460	26477	26484	26490	26474	26488	26472	26477	26482	26491	26489	26481	30983	30990	30993	30996	29230	24207	26381	24026	26038	24206	24213	24206	76251	17770	13205	0	11369	7513	16856	12622	12617	5324	5318	5314	13203	5369	5316	19982	16776	16160	19995	8266	12696	12054	16157	10968	16870	16947	16221	20006	16909	11516	18600	20346	8598	12038	12023	16794	16362	12679	16841	13785	12588	4943	12043	7536	12609	8597	8595
TV111.snps.consensus.subs.fa	12680	12687	11405	11388	10126	18812	11472	11479	10144	11481	10150	32186	26357	28621	29146	29137	29461	29465	29454	29447	29450	29443	29452	29455	29457	29442	29458	29458	29456	29456	29459	29460	32278	32278	32266	32262	29121	32263	29114	32272	32275	29123	29058	29450	29461	29448	29456	29464	29449	29443	29448	29455	29457	29464	29450	29452	29466	32255	32266	32262	32268	28748	29129	31331	28856	31356	29129	29128	29126	76637	18741	12686	11369	0	15018	20361	13754	6297	14058	14050	14046	12687	11432	14057	23467	20446	18823	23474	14293	10135	15384	18828	14712	20358	20137	19968	23497	20380	17039	18872	21299	14619	15363	15355	20425	19864	10123	20351	13548	13743	13658	15414	15032	6294	14619	14616
TV118.snps.consensus.subs.fa	14167	14187	8396	8379	12082	14424	8025	8046	12090	8071	12118	27038	22849	23937	23315	23304	24162	24169	24167	24158	24160	24151	24157	24159	24168	24151	24148	24155	24156	24165	24158	24141	27919	27918	27917	27914	23309	27914	23299	27926	27913	23306	23233	24162	24168	24131	24149	24156	24159	24146	24158	24138	24148	24154	24162	24161	24153	27899	27915	27914	27922	25846	23311	24813	23366	24550	23312	23320	23314	76095	14435	14182	7513	15018	0	15075	12856	12994	7691	7693	7689	14193	7289	7701	18514	14997	14456	18501	2687	12101	10615	14458	8080	15085	14433	15209	18531	15113	10056	14540	17248	3047	10590	10586	15013	15554	12080	15077	14588	12841	7230	10607	59	12979	3049	3049
TV12.snps.consensus.subs.fa	16093	16108	17815	17806	15855	5881	17836	17845	15868	17869	15878	24733	22782	22032	22433	22423	22445	22446	22438	22431	22436	22441	22435	22439	22441	22439	22443	22433	22436	22437	22437	22447	25989	25983	25976	25970	22523	25970	22517	25984	25983	22525	22458	22437	22451	22448	22444	22442	22434	22443	22436	22438	22444	22447	22441	22437	22451	25962	25976	25970	25978	27447	22533	24422	22665	24276	22529	22530	22532	75718	18430	16108	16856	20361	15075	0	14968	15843	14891	14887	14888	16111	16994	14897	17459	117	5911	17461	16269	15869	12491	5917	16243	36	5016	941	17489	95	11869	18654	12910	16423	12473	12475	145	570	15856	89	16022	14992	14829	12550	15104	15842	16420	16426
TV123.snps.consensus.subs.fa	10932	10958	15689	15668	9683	12511	15983	15993	9691	16012	9705	25853	21831	23731	21666	21659	23896	23903	23899	23888	23891	23892	23893	23888	23898	23893	23898	23896	23885	23894	23894	23900	28599	28596	28586	28583	21770	28581	21761	28590	28591	21767	21703	23893	23905	23900	23903	23895	23889	23894	23886	23900	23902	23907	23888	23894	23911	28569	28584	28579	28589	27780	21773	24233	21886	24307	21776	21779	21775	76056	18221	10955	12622	13754	12856	14968	0	9800	13691	13688	13688	10962	14666	13699	18746	15038	12549	18750	13295	9692	13264	12558	14096	14971	16386	14751	18781	15037	12875	19391	15462	13633	13233	13229	15059	15148	9676	14980	6603	78	13458	13306	12866	9794	13626	13634
TV125.snps.consensus.subs.fa	10573	10563	15127	15113	4738	15714	13594	13596	4765	13614	4767	29571	26036	25884	27151	27142	25827	25831	25820	25813	25815	25817	25817	25816	25823	25815	25831	25820	25816	25817	25825	25827	30155	30156	30143	30139	27126	30140	27120	30148	30150	27128	27064	25817	25827	25822	25830	25829	25816	25817	25814	25824	25830	25833	25816	25819	25837	30128	30141	30137	30148	28928	27135	27849	27253	27885	27134	27134	27134	76264	16509	10570	12617	6297	12994	15843	9800	0	14792	14783	14784	10572	13988	14795	21923	15913	15758	21927	13571	4773	12599	15762	12707	15849	16108	16355	21965	15883	14472	16975	16224	13905	12577	12565	15902	15943	4750	15853	12646	9839	14256	12647	13032	45	13896	13904
TV137.snps.consensus.subs.fa	13896	13877	6673	6675	13682	14852	7782	7803	13658	7827	13674	26599	24442	24358	23500	23493	25359	25369	25365	25356	25358	25352	25361	25358	25365	25352	25345	25355	25350	25362	25354	25340	28791	28789	28790	28791	23557	28789	23548	28796	28786	23554	23475	25361	25366	25332	25347	25354	25357	25346	25355	25339	25349	25351	25361	25360	25349	28778	28790	28788	28794	27839	23559	25494	23592	25159	23562	23569	23563	76319	16394	13881	5324	14058	7691	14891	13691	14792	0	29	18	13885	6422	19	19923	14809	14840	19906	8856	13666	12536	14846	11653	14899	14970	14970	19897	14890	10361	16909	19466	8567	12555	12557	14829	14382	13669	14863	15002	13657	644	12522	7664	14774	8551	8567
TV138.snps.consensus.subs.fa	13890	13865	6664	6666	13673	14845	7781	7796	13655	7812	13667	26606	24443	24362	23509	23502	25361	25371	25367	25358	25360	25354	25363	25362	25367	25354	25347	25359	25354	25366	25356	25342	28794	28792	28793	28794	23566	28792	23557	28799	28789	23563	23484	25363	25368	25334	25349	25356	25359	25348	25357	25343	25351	25355	25363	25362	25353	28781	28793	28791	28797	27843	23568	25503	23601	25168	23571	23578	23572	76325	16389	13870	5318	14050	7693	14887	13688	14783	29	0	19	13874	6412	32	19912	14809	14843	19915	8857	13658	12548	14839	11652	14893	14970	14961	19896	14886	10357	16905	19463	8570	12568	12558	14825	14378	13666	14861	14992	13654	641	12539	7666	14769	8566	8572
TV139.snps.consensus.subs.fa	13887	13868	6666	6668	13676	14837	7777	7800	13650	7818	13668	26600	24445	24361	23504	23497	25358	25368	25364	25355	25357	25351	25360	25361	25364	25351	25344	25356	25353	25365	25353	25339	28794	28792	28793	28794	23561	28792	23552	28799	28789	23558	23479	25360	25365	25331	25346	25353	25356	25345	25354	25342	25348	25354	25360	25359	25352	28781	28793	28791	28797	27844	23563	25498	23595	25163	23566	23573	23567	76324	16391	13872	5314	14046	7689	14888	13688	14784	18	19	0	13872	6411	21	19916	14806	14835	19913	8850	13663	12543	14835	11650	14892	14963	14959	19888	14891	10354	16897	19456	8565	12561	12555	14822	14371	13663	14854	14991	13648	634	12532	7664	14770	8559	8567
TV14.snps.consensus.subs.fa	103	50	14697	14708	9328	14284	15830	15834	9304	15821	9320	26110	22699	22214	23248	23243	22447	22455	22448	22438	22440	22440	22442	22438	22445	22441	22461	22455	22450	22441	22461	22451	26353	26354	26341	26336	23237	26337	23227	26347	26348	23236	23174	22438	22454	22447	22469	22462	22439	22442	22435	22466	22469	22476	22437	22444	22475	26330	26338	26335	26346	26179	23241	24681	23365	24719	23246	23244	23246	76033	19030	30	13203	12687	14193	16111	10962	10572	13885	13874	13872	0	13803	13878	20466	16172	14344	20455	15151	9305	13740	14348	14578	16114	18425	16290	20459	16157	14470	19515	15241	15287	13777	13763	16151	15600	9310	16087	14988	10985	13761	13831	14224	10579	15285	15286
TV15.snps.consensus.subs.fa	13795	13792	1436	1418	14076	15296	3906	3916	14093	3927	14078	28614	22631	25848	23903	23896	26660	26669	26669	26659	26660	26652	26662	26664	26669	26652	26647	26660	26656	26665	26658	26643	30640	30638	30638	30638	23902	30636	23892	30644	30632	23899	23819	26661	26670	26632	26652	26658	26659	26647	26659	26645	26651	26656	26663	26661	26655	30621	30637	30633	30642	26594	23904	27048	23932	26777	23905	23912	23906	76339	18237	13798	5369	11432	7289	16994	14666	13988	6422	6412	6411	13803	0	6419	20581	16919	15338	20565	6983	14082	12904	15345	11710	17013	16070	16230	20602	17053	11276	17565	21000	7302	12904	12886	16936	16524	14069	17007	15010	14641	6018	12905	7330	13987	7296	7307
TV162.snps.consensus.subs.fa	13897	13878	6671	6667	13676	14847	7794	7805	13660	7817	13668	26608	24453	24369	23509	23502	25366	25376	25372	25363	25365	25359	25368	25369	25372	25359	25352	25364	25361	25373	25361	25347	28802	28800	28801	28802	23566	28800	23557	28807	28797	23563	23484	25368	25373	25339	25354	25361	25364	25353	25362	25350	25356	25362	25368	25367	25360	28789	28801	28799	28805	27848	23568	25503	23600	25167	23571	23578	23572	76327	16396	13882	5316	14057	7701	14897	13699	14795	19	32	21	13878	6419	0	19926	14817	14847	19917	8860	13662	12544	14843	11648	14901	14974	14970	19902	14890	10362	16912	19469	8567	12559	12559	14831	14380	13665	14863	15006	13657	651	12530	7674	14785	8557	8565
TV18.snps.consensus.subs.fa	20444	20448	21498	21482	20397	17445	20153	20155	20414	20186	20430	24555	19764	19991	19465	19460	21166	21172	21165	21156	21157	21156	21158	21147	21166	21156	21183	21172	21164	21156	21179	21169	23427	23427	23412	23413	19455	23415	19447	23420	23421	19455	19373	21156	21173	21165	21186	21178	21156	21161	21152	21177	21185	21186	21155	21163	21191	23404	23408	23412	23419	24432	19459	21816	19488	22043	19460	19467	19464	75948	20315	20465	19982	23467	18514	17459	18746	21923	19923	19912	19916	20466	20581	19926	0	17525	17511	47	18461	20421	17560	17516	17791	17465	19002	16858	62	17504	16572	20088	8635	18653	17539	17538	17523	17332	20407	17450	17693	18724	19607	17565	18544	21938	18651	18652
TV20.snps.consensus.subs.fa	16152	16165	17732	17721	15925	5802	17750	17763	15938	17793	15948	24646	22842	22092	22489	22479	22509	22507	22499	22492	22497	22502	22496	22498	22502	22500	22507	22492	22495	22496	22498	22508	26047	26041	26034	26028	22579	26028	22573	26042	26041	22581	22514	22498	22512	22509	22508	22506	22495	22504	22497	22500	22508	22509	22502	22498	22513	26020	26034	26028	26036	27506	22589	24478	22721	24181	22585	22586	22588	75711	18505	16169	16776	20446	14997	117	15038	15913	14809	14809	14806	16172	16919	14817	17525	0	5834	17527	16186	15942	12411	5835	16320	117	4942	1022	17556	176	11791	18729	12984	16346	12392	12394	61	653	15930	168	16092	15064	14745	12469	15026	15913	16339	16347
TV21.snps.consensus.subs.fa	14335	14343	16120	16106	15678	115	16971	16979	15700	16990	15698	25235	22377	22812	22499	22492	23610	23608	23604	23595	23597	23603	23598	23604	23606	23604	23605	23595	23597	23603	23595	23579	26572	26568	26572	26570	22590	26569	22582	26577	26569	22593	22528	23601	23609	23583	23608	23606	23595	23598	23599	23599	23609	23615	23606	23597	23612	26555	26572	26570	26575	26587	22600	25793	22728	25632	22600	22601	22601	76042	19074	14346	16160	18823	14456	5911	12549	15758	14840	14843	14835	14344	15338	14847	17511	5834	0	17518	14269	15690	12152	34	15478	5922	8959	5565	17531	5894	11707	18975	14062	14428	12125	12117	5830	6373	15670	5889	14637	12530	14892	12144	14427	15759	14414	14427
TV4.snps.consensus.subs.fa	20444	20439	21480	21466	20398	17462	20148	20159	20408	20189	20415	24550	19755	19983	19456	19451	21158	21164	21157	21148	21149	21148	21150	21139	21158	21148	21175	21164	21156	21148	21171	21161	23419	23419	23404	23405	19446	23407	19438	23412	23413	19446	19364	21148	21165	21157	21178	21170	21148	21153	21144	21169	21177	21178	21147	21155	21183	23396	23400	23404	23411	24413	19450	21806	19479	22033	19451	19458	19455	75942	20318	20452	19995	23474	18501	17461	18750	21927	19906	19915	19913	20455	20565	19917	47	17527	17518	0	18462	20412	17548	17531	17805	17473	19010	16868	71	17508	16561	20104	8657	18630	17542	17541	17525	17330	20390	17448	17686	18722	19628	17565	18537	21938	18626	18631
TV41.snps.consensus.subs.fa	15127	15144	7830	7813	13113	14235	8205	8226	13128	8253	13139	28215	21800	25137	23408	23398	25299	25306	25303	25296	25299	25291	25294	25296	25305	25288	25288	25290	25288	25299	25295	25281	28753	28752	28751	28748	23402	28748	23394	28760	28747	23402	23327	25300	25302	25268	25284	25291	25300	25283	25297	25270	25283	25285	25299	25299	25284	28735	28749	28749	28756	24737	23408	25779	23433	25515	23406	23414	23407	76405	15760	15147	8266	14293	2687	16269	13295	13571	8856	8857	8850	15151	6983	8860	18461	16186	14269	18462	0	13141	11387	14273	9077	16276	15403	15461	18476	16313	10065	15062	18990	416	11360	11365	16206	16734	13122	16254	14491	13268	8420	11341	2694	13558	405	415
TV42.snps.consensus.subs.fa	9334	9297	14954	14949	98	15660	14013	14011	74	14025	102	27905	24842	24219	24798	24790	23977	23982	23970	23963	23963	23955	23967	23967	23973	23956	23961	23964	23962	23969	23967	23974	27904	27903	27890	27886	24775	27887	24767	27897	27897	24774	24712	23967	23977	23963	23963	23971	23963	23958	23961	23961	23963	23971	23966	23969	23974	27875	27890	27884	27895	27165	24780	25664	24898	25705	24782	24782	24784	76076	15992	9299	12696	10135	12101	15869	9692	4773	13666	13658	13663	9305	14082	13662	20421	15942	15690	20412	13141	0	11474	15688	13223	15868	16033	15978	20425	15924	13210	16925	15343	13430	11484	11477	15940	15966	40	15867	13202	9736	13143	11551	12126	4759	13435	13428
TV43.snps.consensus.subs.fa	13771	13750	13955	13967	11483	12106	14217	14234	11467	14251	11471	24669	22174	20124	21563	21553	20692	20700	20699	20690	20693	20683	20694	20698	20701	20684	20678	20691	20688	20697	20690	20674	24417	24414	24414	24413	21547	24412	21548	24423	24407	21545	21483	20695	20699	20663	20681	20688	20691	20678	20690	20675	20680	20685	20694	20693	20684	24397	24414	24406	24417	25076	21551	22966	21695	22909	21551	21560	21554	75793	13360	13742	12054	15384	10615	12491	13264	12599	12536	12548	12543	13740	12904	12544	17560	12411	12152	17548	11387	11474	0	12155	10274	12503	13238	11862	17546	12537	3305	14896	13666	11666	71	75	12433	12955	11475	12468	17795	13251	12128	167	10619	12597	11670	11669
TV44.snps.consensus.subs.fa	14343	14349	16123	16105	15676	120	16973	16975	15706	16988	15696	25240	22383	22817	22502	22495	23610	23614	23610	23601	23603	23609	23604	23610	23612	23610	23605	23601	23603	23609	23601	23585	26578	26574	26578	26576	22593	26575	22585	26583	26575	22596	22531	23607	23615	23589	23608	23606	23601	23604	23605	23599	23609	23615	23612	23603	23612	26561	26578	26576	26581	26593	22603	25795	22731	25634	22603	22604	22604	76051	19071	14346	16157	18828	14458	5917	12558	15762	14846	14839	14835	14348	15345	14843	17516	5835	34	17531	14273	15688	12155	0	15468	5919	8962	5570	17534	5891	11713	18974	14064	14416	12133	12126	5838	6375	15676	5895	14640	12541	14892	12154	14427	15757	14420	14415
TV45.snps.consensus.subs.fa	14556	14564	12716	12703	13206	15437	10576	10572	13223	10578	13228	27439	22413	22647	23825	23818	23749	23761	23750	23741	23745	23740	23749	23749	23751	23737	23738	23747	23744	23754	23747	23755	26448	26445	26431	26431	23931	26429	23935	26438	26437	23931	23856	23746	23757	23745	23739	23746	23744	23740	23743	23739	23741	23748	23746	23748	23751	26414	26432	26427	26434	25384	23937	24846	23986	24826	23936	23943	23936	75982	13608	14569	10968	14712	8080	16243	14096	12707	11653	11652	11650	14578	11710	11648	17791	16320	15478	17805	9077	13223	10274	15468	0	16256	15476	16606	17812	16285	11518	14658	16266	9402	10263	10252	16338	16710	13219	16235	15320	14117	11229	10265	8121	12710	9398	9397
TV47.snps.consensus.subs.fa	16099	16113	17828	17816	15862	5891	17842	17853	15868	17879	15882	24737	22783	22035	22437	22427	22447	22445	22437	22430	22435	22440	22434	22440	22440	22438	22445	22432	22437	22438	22436	22446	25990	25984	25977	25971	22527	25971	22521	25985	25984	22529	22462	22436	22450	22447	22446	22444	22433	22442	22435	22442	22446	22451	22440	22436	22455	25963	25977	25971	25979	27449	22537	24425	22669	24279	22533	22534	22536	75720	18442	16113	16870	20358	15085	36	14971	15849	14899	14893	14892	16114	17013	14901	17465	117	5922	17473	16276	15868	12503	5919	16256	0	5022	939	17492	84	11870	18664	12905	16429	12483	12485	136	572	15863	93	16024	15001	14827	12565	15114	15839	16428	16424
TV48.snps.consensus.subs.fa	18406	18424	16787	16773	16016	8927	16787	16803	16025	16818	16040	26169	23411	24505	24059	24053	25289	25289	25282	25275	25278	25284	25279	25285	25284	25283	25286	25275	25282	25283	25280	25291	28234	28233	28221	28220	24166	28219	24171	28225	28228	24166	24087	25281	25294	25292	25287	25287	25278	25287	25279	25285	25287	25294	25284	25281	25297	28204	28219	28219	28222	26612	24173	26202	24315	25964	24170	24179	24174	76115	20010	18425	16947	20137	14433	5016	16386	16108	14970	14970	14963	18425	16070	14974	19002	4942	8959	19010	15403	16033	13238	8962	15476	5022	0	5716	19035	5085	11871	20103	15603	15554	13214	13216	4959	5492	16020	5000	16619	16367	14964	13277	14453	16105	15550	15555
TV49.snps.consensus.subs.fa	16275	16284	17034	17024	15973	5517	17287	17300	15970	17322	15987	25019	22217	22310	21859	21849	22612	22607	22599	22592	22597	22602	22596	22602	22602	22600	22628	22612	22617	22600	22616	22608	26130	26124	26113	26111	21949	26111	21943	26119	26120	21951	21884	22598	22612	22609	22629	22627	22595	22604	22597	22625	22629	22634	22602	22598	22638	26096	26113	26111	26115	26841	21958	24576	22102	24427	21954	21963	21958	75798	18621	16285	16221	19968	15209	941	14751	16355	14970	14961	14959	16290	16230	14970	16858	1022	5565	16868	15461	15978	11862	5570	16606	939	5716	0	16882	993	11192	18833	13668	15613	11847	11847	1016	1452	15964	960	15788	14778	14885	11919	15235	16355	15612	15610
TV52.snps.consensus.subs.fa	20480	20447	21494	21507	20445	17478	20133	20145	20418	20176	20432	24522	19742	19969	19427	19422	21144	21150	21142	21134	21135	21134	21136	21125	21144	21134	21161	21150	21142	21134	21157	21146	23406	23406	23391	23392	19417	23394	19409	23399	23400	19417	19335	21134	21150	21143	21163	21155	21134	21139	21130	21154	21162	21163	21133	21141	21168	23383	23387	23391	23398	24409	19421	21779	19450	22004	19422	19429	19426	75925	20334	20447	20006	23497	18531	17489	18781	21965	19897	19896	19888	20459	20602	19902	62	17556	17531	71	18476	20425	17546	17534	17812	17492	19035	16882	0	17526	16525	20112	8672	18618	17569	17566	17555	17337	20429	17459	17681	18761	19639	17588	18559	21965	18615	18618
TV54.snps.consensus.subs.fa	16141	16148	17866	17858	15915	5930	17876	17882	15926	17906	15933	24741	22788	22040	22403	22393	22430	22428	22420	22413	22418	22423	22417	22419	22423	22421	22428	22413	22416	22417	22419	22429	25968	25962	25955	25949	22495	25949	22489	25963	25962	22497	22430	22419	22433	22430	22429	22427	22416	22425	22418	22421	22429	22430	22423	22419	22434	25941	25955	25949	25957	27426	22505	24394	22637	24248	22501	22502	22504	75728	18470	16150	16909	20380	15113	95	15037	15883	14890	14886	14891	16157	17053	14890	17504	176	5894	17508	16313	15924	12537	5891	16285	84	5085	993	17526	0	11886	18701	12966	16464	12518	12515	196	634	15911	154	16079	15066	14870	12539	15104	15874	16463	16459
TV55.snps.consensus.subs.fa	14498	14478	11446	11459	13225	11690	12679	12685	13208	12709	13210	24765	19570	20272	18740	18730	21364	21365	21366	21356	21360	21350	21361	21364	21366	21351	21351	21358	21355	21364	21356	21340	24260	24255	24257	24256	18844	24255	18834	24266	24250	18842	18780	21362	21365	21330	21353	21361	21358	21345	21357	21348	21353	21358	21361	21360	21357	24241	24257	24252	24260	23240	18848	21722	18991	21564	18848	18857	18851	75998	14626	14460	11516	17039	10056	11869	12875	14472	10361	10357	10354	14470	11276	10362	16572	11791	11707	16561	10065	13210	3305	11713	11518	11870	11871	11192	16525	11886	0	14592	15386	9772	3350	3334	11800	12329	13222	11847	17002	12851	10832	3374	10040	14477	9763	9768
TV56.snps.consensus.subs.fa	19491	19507	18178	18160	16883	18932	17143	17154	16910	17169	16912	30337	25438	25682	26278	26272	26310	26316	26315	26309	26310	26301	26307	26309	26317	26301	26298	26305	26305	26314	26307	26290	29096	29092	29092	29092	26280	29091	26270	29100	29088	26278	26197	26312	26315	26281	26297	26303	26309	26296	26308	26287	26296	26301	26312	26310	26300	29074	29093	29089	29096	27833	26283	28072	26328	28202	26285	26292	26287	76231	2930	19513	18600	18872	14540	18654	19391	16975	16909	16905	16897	19515	17565	16912	20088	18729	18975	20104	15062	16925	14896	18974	14658	18664	20103	18833	20112	18701	14592	0	22028	15026	14878	14876	18744	19105	16910	18636	17476	19364	16845	14897	14542	16974	15018	15023
TV57.snps.consensus.subs.fa	15208	15232	22183	22164	15319	14002	22338	22333	15341	22352	15345	22904	20446	17010	19461	19452	18627	18635	18627	18617	18618	18618	18624	18618	18629	18619	18643	18640	18630	18622	18642	18631	20324	20325	20310	20306	19441	20308	19433	20315	20315	19440	19379	18618	18637	18627	18650	18643	18617	18623	18614	18648	18649	18655	18617	18624	18659	20291	20305	20304	20315	24676	19447	20160	19564	20405	19447	19455	19450	75355	20582	15240	20346	21299	17248	12910	15462	16224	19466	19463	19456	15241	21000	19469	8635	12984	14062	8657	18990	15343	13666	14064	16266	12905	15603	13668	8672	12966	15386	22028	0	19353	13641	13639	12971	12798	15332	12927	19764	15501	18910	13710	17277	16237	19349	19340
TV58.snps.consensus.subs.fa	15312	15286	7542	7555	13446	14379	8505	8519	13432	8543	13426	27917	21502	24841	23112	23102	25013	25020	25017	25010	25013	25005	25008	25014	25019	25002	25002	25006	25006	25017	25009	24995	28490	28489	28488	28485	23106	28485	23098	28497	28484	23106	23031	25014	25016	24982	24998	25005	25014	24997	25011	24988	24997	25003	25013	25013	25002	28472	28486	28486	28493	24474	23112	25483	23137	25218	23110	23118	23111	76421	15927	15283	8598	14619	3047	16423	13633	13905	8567	8570	8565	15287	7302	8567	18653	16346	14428	18630	416	13430	11666	14416	9402	16429	15554	15613	18618	16464	9772	15026	19353	0	11689	11691	16357	16878	13441	16396	14779	13608	8764	11675	3046	13891	29	15
TV71.snps.consensus.subs.fa	13752	13778	13985	13962	11467	12084	14253	14275	11480	14289	11501	24689	22194	20143	21583	21573	20723	20725	20724	20715	20718	20708	20715	20719	20726	20709	20709	20712	20713	20722	20715	20699	24439	24436	24436	24435	21566	24434	21567	24445	24429	21564	21502	20720	20724	20688	20712	20719	20716	20703	20715	20702	20711	20716	20719	20718	20715	24420	24436	24430	24439	25102	21570	22984	21716	22929	21570	21579	21573	75815	13339	13775	12038	15363	10590	12473	13233	12577	12555	12568	12561	13777	12904	12559	17539	12392	12125	17542	11360	11484	71	12133	10263	12483	13214	11847	17569	12518	3350	14878	13641	11689	0	52	12408	12959	11469	12468	17825	13223	12113	141	10591	12582	11691	11696
TV73.snps.consensus.subs.fa	13742	13763	13975	13956	11449	12067	14246	14249	11473	14269	11478	24677	22184	20133	21575	21565	20712	20714	20713	20704	20707	20697	20708	20712	20715	20698	20698	20705	20702	20711	20704	20688	24432	24429	24429	24428	21558	24427	21559	24438	24422	21556	21494	20709	20713	20677	20701	20708	20705	20692	20704	20695	20700	20705	20708	20707	20704	24413	24429	24423	24432	25090	21562	22976	21706	22921	21562	21571	21565	75808	13316	13761	12023	15355	10586	12475	13229	12565	12557	12558	12555	13763	12886	12559	17538	12394	12117	17541	11365	11477	75	12126	10252	12485	13216	11847	17566	12515	3334	14876	13639	11691	52	0	12406	12946	11464	12461	17818	13214	12104	142	10591	12572	11693	11696
TV75.snps.consensus.subs.fa	16137	16150	17750	17738	15927	5782	17752	17761	15935	17787	15949	24633	22843	22092	22491	22481	22510	22505	22497	22490	22495	22500	22494	22500	22500	22498	22526	22510	22515	22498	22514	22506	26048	26042	26035	26029	22581	26029	22575	26043	26042	22583	22516	22496	22510	22507	22527	22525	22493	22502	22495	22523	22527	22532	22500	22496	22536	26021	26035	26029	26037	27507	22591	24480	22723	24183	22587	22592	22590	75718	18523	16152	16794	20425	15013	145	15059	15902	14829	14825	14822	16151	16936	14831	17523	61	5830	17525	16206	15940	12433	5838	16338	136	4959	1016	17555	196	11800	18744	12971	16357	12408	12406	0	631	15936	153	16110	15079	14758	12485	15046	15911	16358	16358
TV76.snps.consensus.subs.fa	15599	15596	17334	17333	15952	6340	17343	17344	15952	17366	15956	24748	23209	22460	22292	22282	22333	22334	22326	22319	22324	22329	22323	22329	22329	22327	22331	22321	22326	22327	22325	22335	26420	26414	26407	26401	22382	26401	22376	26415	26414	22384	22317	22325	22339	22336	22332	22330	22322	22331	22324	22328	22332	22337	22329	22325	22341	26393	26407	26401	26409	27880	22392	24282	22524	24139	22388	22393	22391	75728	18895	15601	16362	19864	15554	570	15148	15943	14382	14378	14371	15600	16524	14380	17332	653	6373	17330	16734	15966	12955	6375	16710	572	5492	1452	17337	634	12329	19105	12798	16878	12959	12946	631	0	15960	507	16170	15164	14350	13027	15587	15946	16869	16873
TV77.snps.consensus.subs.fa	9318	9303	14957	14936	83	15636	14012	14014	77	14028	105	27912	24847	24226	24805	24797	23982	23987	23975	23968	23968	23960	23972	23972	23978	23961	23966	23969	23967	23974	23972	23979	27909	27908	27895	27891	24782	27892	24774	27902	27902	24781	24719	23972	23982	23968	23968	23976	23968	23963	23966	23966	23968	23976	23971	23974	23979	27880	27895	27889	27900	27170	24787	25672	24905	25713	24789	24789	24791	76079	15978	9312	12679	10123	12080	15856	9676	4750	13669	13666	13663	9310	14069	13665	20407	15930	15670	20390	13122	40	11475	15676	13219	15863	16020	15964	20429	15911	13222	16910	15332	13441	11469	11464	15936	15960	0	15861	13200	9712	13126	11536	12113	4749	13444	13435
TV78.snps.consensus.subs.fa	16084	16081	17812	17813	15854	5857	17826	17833	15851	17859	15861	24714	22772	22025	22393	22383	22435	22436	22428	22421	22426	22431	22425	22431	22431	22429	22433	22423	22428	22429	22427	22437	25990	25984	25973	25971	22483	25971	22477	25981	25980	22485	22418	22427	22441	22438	22434	22432	22424	22433	22426	22430	22434	22439	22431	22427	22443	25959	25973	25971	25975	27444	22493	24382	22637	24239	22489	22494	22492	75707	18414	16088	16841	20351	15077	89	14980	15853	14863	14861	14854	16087	17007	14863	17450	168	5889	17448	16254	15867	12468	5895	16235	93	5000	960	17459	154	11847	18636	12927	16396	12468	12461	153	507	15861	0	16007	14994	14829	12543	15110	15850	16389	16395
TV81.snps.consensus.subs.fa	14991	14979	15398	15412	13197	14587	14702	14706	13187	14718	13174	28691	22946	26535	24364	24359	27023	27028	27024	27013	27018	27020	27018	27016	27023	27018	27028	27021	27010	27021	27019	27027	30485	30480	30470	30467	24475	30465	24468	30477	30477	24474	24373	27017	27029	27025	27027	27019	27017	27019	27013	27024	27026	27031	27013	27019	27035	30454	30470	30466	30473	28144	24480	27326	24422	27374	24478	24483	24479	76324	17839	14998	13785	13548	14588	16022	6603	12646	15002	14992	14991	14988	15010	15006	17693	16092	14637	17686	14491	13202	17795	14640	15320	16024	16619	15788	17681	16079	17002	17476	19764	14779	17825	17818	16110	16170	13200	16007	0	6576	14841	17858	14600	12644	14780	14781
TV82.snps.consensus.subs.fa	10960	10983	15661	15644	9708	12486	15960	15962	9721	15977	9730	25802	21782	23680	21613	21606	23889	23894	23890	23879	23882	23883	23884	23879	23889	23884	23891	23887	23876	23885	23885	23891	28592	28589	28579	28576	21717	28574	21708	28583	28586	21714	21650	23884	23896	23891	23894	23886	23880	23885	23877	23891	23893	23898	23879	23885	23902	28567	28577	28574	28582	27784	21720	24180	21833	24256	21723	21726	21722	76073	18204	10989	12588	13743	12841	14992	78	9839	13657	13654	13648	10985	14641	13657	18724	15064	12530	18722	13268	9736	13251	12541	14117	15001	16367	14778	18761	15066	12851	19364	15501	13608	13223	13214	15079	15164	9712	14994	6576	0	13473	13281	12849	9838	13605	13605
TV83.snps.consensus.subs.fa	13734	13750	6985	6971	13117	14852	7319	7334	13124	7362	13138	27080	24876	24762	24029	24021	25634	25647	25642	25634	25635	25627	25636	25638	25643	25627	25620	25633	25630	25643	25631	25618	29185	29181	29181	29181	24017	29179	24008	29189	29175	24015	23935	25636	25643	25606	25624	25630	25633	25621	25632	25618	25625	25631	25637	25636	25629	29163	29182	29176	29185	28232	24020	25874	24059	25603	24022	24029	24023	76208	16139	13762	4943	13658	7230	14829	13458	14256	644	641	634	13761	6018	651	19607	14745	14892	19628	8420	13143	12128	14892	11229	14827	14964	14885	19639	14870	10832	16845	18910	8764	12113	12104	14758	14350	13126	14829	14841	13473	0	12119	7258	14237	8759	8761
TV92.snps.consensus.subs.fa	13805	13826	13968	13954	11519	12145	14253	14256	11549	14278	11559	24670	22163	20129	21501	21491	20705	20707	20706	20697	20700	20690	20701	20700	20708	20690	20691	20696	20691	20700	20697	20681	24418	24415	24414	24414	21484	24413	21485	24424	24408	21482	21420	20702	20706	20670	20694	20700	20698	20685	20697	20684	20693	20693	20701	20700	20693	24399	24415	24409	24418	25073	21488	22903	21632	22850	21488	21497	21491	75838	13378	13827	12043	15414	10607	12550	13306	12647	12522	12539	12532	13831	12905	12530	17565	12469	12144	17565	11341	11551	167	12154	10265	12565	13277	11919	17588	12539	3374	14897	13710	11675	141	142	12485	13027	11536	12543	17858	13281	12119	0	10571	12649	11669	11674
TV97.snps.consensus.subs.fa	14205	14223	8424	8406	12115	14435	8079	8098	12125	8119	12151	27046	22858	23965	23315	23304	24166	24173	24171	24162	24164	24155	24161	24163	24172	24155	24152	24159	24160	24169	24162	24145	27908	27907	27906	27903	23309	27903	23299	27915	27902	23306	23233	24166	24172	24135	24153	24160	24163	24150	24162	24142	24152	24158	24166	24165	24157	27888	27904	27903	27911	25835	23311	24813	23366	24550	23312	23320	23314	76117	14446	14219	7536	15032	59	15104	12866	13032	7664	7666	7664	14224	7330	7674	18544	15026	14427	18537	2694	12126	10619	14427	8121	15114	14453	15235	18559	15104	10040	14542	17277	3046	10591	10591	15046	15587	12113	15110	14600	12849	7258	10571	0	13015	3048	3046
TV98.snps.consensus.subs.fa	10580	10575	15118	15106	4760	15739	13582	13600	4757	13618	4782	29589	26052	25901	27166	27157	25841	25851	25840	25833	25835	25837	25837	25836	25843	25835	25837	25832	25828	25837	25837	25847	30176	30177	30164	30160	27141	30161	27135	30169	30171	27143	27079	25837	25847	25842	25836	25835	25836	25837	25834	25830	25836	25839	25836	25839	25843	30149	30162	30158	30169	28942	27150	27864	27268	27900	27149	27149	27149	76273	16509	10573	12609	6294	12979	15842	9794	45	14774	14769	14770	10579	13987	14785	21938	15913	15759	21938	13558	4759	12597	15757	12710	15839	16105	16355	21965	15874	14477	16974	16237	13891	12582	12572	15911	15946	4749	15850	12644	9838	14237	12649	13015	0	13890	13890
VV11.snps.consensus.subs.fa	15308	15274	7534	7553	13443	14381	8496	8512	13431	8540	13427	27903	21487	24826	23099	23089	25004	25011	25008	25001	25004	24996	24999	25001	25010	24993	24993	24995	24993	25004	25000	24986	28475	28476	28475	28472	23093	28472	23085	28482	28471	23093	23018	25005	25007	24973	24989	24996	25005	24988	25002	24975	24988	24990	25004	25004	24989	28459	28471	28473	28480	24460	23099	25471	23124	25206	23097	23105	23098	76410	15919	15279	8597	14619	3049	16420	13626	13896	8551	8566	8559	15285	7296	8557	18651	16339	14414	18626	405	13435	11670	14420	9398	16428	15550	15612	18615	16463	9763	15018	19349	29	11691	11693	16358	16869	13444	16389	14780	13605	8759	11669	3048	13890	0	28
VV6.snps.consensus.subs.fa	15309	15287	7541	7556	13444	14382	8507	8517	13428	8539	13424	27915	21499	24838	23109	23099	25010	25017	25014	25007	25010	25002	25005	25011	25016	24999	24999	25003	25003	25014	25006	24992	28486	28485	28484	28481	23103	28481	23095	28493	28480	23103	23028	25011	25013	24979	24995	25002	25011	24994	25008	24985	24994	25000	25010	25010	24999	28468	28482	28482	28489	24474	23109	25481	23134	25216	23107	23115	23108	76418	15928	15284	8595	14616	3049	16426	13634	13904	8567	8572	8567	15286	7307	8565	18652	16347	14427	18631	415	13428	11669	14415	9397	16424	15555	15610	18618	16459	9768	15023	19340	15	11696	11696	16358	16873	13435	16395	14781	13605	8761	11674	3046	13890	28	0
