snp-dists 0.2	07-03-81.snps.consensus.subs.fa	07-11-07.snps.consensus.subs.fa	10-2A.snps.consensus.subs.fa	10-9A.snps.consensus.subs.fa	11-8A.snps.consensus.subs.fa	12-3VP.snps.consensus.subs.fa	12-5VP.snps.consensus.subs.fa	12-6VP.snps.consensus.subs.fa	12-7VP.snps.consensus.subs.fa	12-8VP.snps.consensus.subs.fa	12-9VP.snps.consensus.subs.fa	AR01-139.snps.consensus.subs.fa	AR98-565.snps.consensus.subs.fa	ARL04-840.snps.consensus.subs.fa	ARL05-425.snps.consensus.subs.fa	ARL05-67.snps.consensus.subs.fa	ARL07-1139.snps.consensus.subs.fa	ARL07-1163.snps.consensus.subs.fa	ARL07-1166.snps.consensus.subs.fa	ARL07-1169.snps.consensus.subs.fa	ARL07-1195.snps.consensus.subs.fa	ARL07-1198.snps.consensus.subs.fa	ARL07-1205.snps.consensus.subs.fa	ARL07-1286.snps.consensus.subs.fa	ARL07-1300.snps.consensus.subs.fa	ARL07-1328.snps.consensus.subs.fa	ARL07-1345.snps.consensus.subs.fa	ARL07-1348.snps.consensus.subs.fa	ARL07-1351.snps.consensus.subs.fa	ARL07-1384.snps.consensus.subs.fa	ARL07-973.snps.consensus.subs.fa	ARL08-105.snps.consensus.subs.fa	ARL08-1074.snps.consensus.subs.fa	ARL08-1077.snps.consensus.subs.fa	ARL08-1189.snps.consensus.subs.fa	ARL08-1215.snps.consensus.subs.fa	ARL08-1218.snps.consensus.subs.fa	ARL08-1249.snps.consensus.subs.fa	ARL08-1256.snps.consensus.subs.fa	ARL08-1292.snps.consensus.subs.fa	ARL08-1309.snps.consensus.subs.fa	ARL08-1412.snps.consensus.subs.fa	ARL08-1437.snps.consensus.subs.fa	ARL08-288.snps.consensus.subs.fa	ARL08-32.snps.consensus.subs.fa	ARL08-339.snps.consensus.subs.fa	ARL08-35.snps.consensus.subs.fa	ARL08-39.snps.consensus.subs.fa	ARL08-391.snps.consensus.subs.fa	ARL08-394.snps.consensus.subs.fa	ARL08-428.snps.consensus.subs.fa	ARL08-43.snps.consensus.subs.fa	ARL08-46.snps.consensus.subs.fa	ARL08-477.snps.consensus.subs.fa	ARL08-484.snps.consensus.subs.fa	ARL08-552.snps.consensus.subs.fa	ARL08-67.snps.consensus.subs.fa	ARL08-712.snps.consensus.subs.fa	ARL08-781.snps.consensus.subs.fa	ARL08-804.snps.consensus.subs.fa	ARL08-902.snps.consensus.subs.fa	ARL08-983.snps.consensus.subs.fa	ARL09-100.snps.consensus.subs.fa	ARL09-1074a.snps.consensus.subs.fa	ARL09-1209.snps.consensus.subs.fa	ARL09-1265.snps.consensus.subs.fa	ARL09-1374.snps.consensus.subs.fa	ARL09-146.snps.consensus.subs.fa	ARL09-193.snps.consensus.subs.fa	ARL09-409.snps.consensus.subs.fa	IV28.snps.consensus.subs.fa	TV10.snps.consensus.subs.fa	TV104.snps.consensus.subs.fa	TV111.snps.consensus.subs.fa	TV118.snps.consensus.subs.fa	TV12.snps.consensus.subs.fa	TV123.snps.consensus.subs.fa	TV125.snps.consensus.subs.fa	TV137.snps.consensus.subs.fa	TV138.snps.consensus.subs.fa	TV139.snps.consensus.subs.fa	TV14.snps.consensus.subs.fa	TV15.snps.consensus.subs.fa	TV162.snps.consensus.subs.fa	TV18.snps.consensus.subs.fa	TV20.snps.consensus.subs.fa	TV21.snps.consensus.subs.fa	TV4.snps.consensus.subs.fa	TV41.snps.consensus.subs.fa	TV42.snps.consensus.subs.fa	TV43.snps.consensus.subs.fa	TV44.snps.consensus.subs.fa	TV45.snps.consensus.subs.fa	TV47.snps.consensus.subs.fa	TV48.snps.consensus.subs.fa	TV49.snps.consensus.subs.fa	TV52.snps.consensus.subs.fa	TV54.snps.consensus.subs.fa	TV55.snps.consensus.subs.fa	TV56.snps.consensus.subs.fa	TV57.snps.consensus.subs.fa	TV58.snps.consensus.subs.fa	TV71.snps.consensus.subs.fa	TV73.snps.consensus.subs.fa	TV75.snps.consensus.subs.fa	TV76.snps.consensus.subs.fa	TV77.snps.consensus.subs.fa	TV78.snps.consensus.subs.fa	TV81.snps.consensus.subs.fa	TV82.snps.consensus.subs.fa	TV83.snps.consensus.subs.fa	TV92.snps.consensus.subs.fa	TV97.snps.consensus.subs.fa	TV98.snps.consensus.subs.fa	VV11.snps.consensus.subs.fa	VV6.snps.consensus.subs.fa
07-03-81.snps.consensus.subs.fa	0	94	14715	14700	9316	14274	15852	15857	9318	15839	9332	26098	22692	22204	23239	23232	22434	22442	22435	22425	22427	22427	22429	22425	22432	22428	22448	22442	22437	22428	22448	22438	26352	26353	26340	26334	23225	26334	23215	26346	26345	23223	23161	22425	22441	22434	22456	22449	22426	22429	22422	22453	22456	22463	22424	22431	22462	26326	26335	26332	26345	26178	23228	24669	23352	24707	23233	23231	23233	76024	19018	107	13182	12680	14167	16093	10932	10573	13896	13890	13887	103	13795	13897	20444	16152	14335	20444	15127	9334	13771	14343	14556	16099	18406	16275	20480	16141	14498	19491	15208	15312	13752	13742	16137	15599	9318	16084	14991	10960	13734	13805	14205	10580	15308	15309
07-11-07.snps.consensus.subs.fa	94	0	14686	14701	9318	14288	15815	15810	9289	15806	9314	26085	22684	22189	23226	23221	22430	22438	22431	22421	22423	22423	22425	22417	22428	22424	22444	22436	22429	22420	22444	22434	26341	26342	26329	26324	23214	26325	23204	26335	26336	23213	23151	22421	22437	22430	22452	22445	22422	22425	22418	22445	22452	22455	22420	22427	22454	26318	26326	26323	26334	26166	23218	24659	23342	24697	23223	23221	23223	76008	19020	50	13196	12687	14187	16108	10958	10563	13877	13865	13868	50	13792	13878	20448	16165	14343	20439	15144	9297	13750	14349	14564	16113	18424	16284	20447	16148	14478	19507	15232	15286	13778	13763	16150	15596	9303	16081	14979	10983	13750	13826	14223	10575	15274	15287
10-2A.snps.consensus.subs.fa	14715	14686	0	30	14955	16073	4922	4941	14943	4966	14931	28795	21590	26132	23592	23584	26987	26996	26997	26986	26989	26980	26987	26984	26996	26981	26974	26983	26981	26989	26985	26970	30181	30177	30179	30177	23699	30176	23689	30187	30172	23696	23616	26990	26998	26961	26979	26987	26986	26976	26987	26966	26980	26981	26991	26989	26979	30165	30179	30174	30181	26114	23701	27290	23424	26877	23702	23709	23702	76476	19022	14694	6400	11405	8396	17815	15689	15127	6673	6664	6666	14697	1436	6671	21498	17732	16120	21480	7830	14954	13955	16123	12716	17828	16787	17034	21494	17866	11446	18178	22183	7542	13985	13975	17750	17334	14957	17812	15398	15661	6985	13968	8424	15118	7534	7541
10-9A.snps.consensus.subs.fa	14700	14701	30	0	14936	16058	4939	4952	14956	4973	14942	28811	21606	26148	23608	23600	27001	27010	27011	27000	27003	26994	27001	27000	27010	26995	26988	26997	26997	27005	26999	26984	30196	30192	30194	30192	23715	30191	23705	30202	30187	23712	23632	27004	27012	26975	26993	27001	27000	26990	27001	26982	26994	26997	27005	27003	26995	30180	30194	30189	30196	26129	23717	27305	23440	26892	23718	23725	23718	76494	19002	14707	6383	11388	8379	17806	15668	15113	6675	6666	6668	14708	1418	6667	21482	17721	16106	21466	7813	14949	13967	16105	12703	17816	16773	17024	21507	17858	11459	18160	22164	7555	13962	13956	17738	17333	14936	17813	15412	15644	6971	13954	8406	15106	7553	7556
11-8A.snps.consensus.subs.fa	9316	9318	14955	14936	0	15640	14038	14016	93	14036	77	27907	24838	24217	24788	24781	23955	23962	23950	23941	23943	23935	23945	23947	23951	23936	23941	23944	23942	23949	23947	23952	27903	27902	27889	27885	24767	27886	24757	27896	27896	24767	24705	23945	23955	23941	23943	23951	23943	23936	23941	23941	23943	23951	23944	23947	23954	27874	27889	27883	27894	27167	24773	25651	24890	25692	24772	24775	24774	76062	15972	9340	12666	10126	12082	15855	9683	4738	13682	13673	13676	9328	14076	13676	20397	15925	15678	20398	13113	98	11483	15676	13206	15862	16016	15973	20445	15915	13225	16883	15319	13446	11467	11449	15927	15952	83	15854	13197	9708	13117	11519	12115	4760	13443	13444
12-3VP.snps.consensus.subs.fa	14274	14288	16073	16058	15640	0	16951	16951	15673	16964	15662	25207	22344	22771	22501	22494	23602	23610	23606	23597	23599	23600	23600	23596	23608	23601	23620	23615	23607	23605	23615	23581	26570	26564	26568	26566	22592	26565	22584	26575	26565	22594	22529	23599	23609	23580	23623	23616	23597	23595	23595	23614	23624	23630	23598	23599	23627	26549	26570	26564	26571	26588	22601	25791	22724	25630	22601	22602	22602	76017	19035	14292	16121	18812	14424	5881	12511	15714	14852	14845	14837	14284	15296	14847	17445	5802	115	17462	14235	15660	12106	120	15437	5891	8927	5517	17478	5930	11690	18932	14002	14379	12084	12067	5782	6340	15636	5857	14587	12486	14852	12145	14435	15739	14381	14382
12-5VP.snps.consensus.subs.fa	15852	15815	4922	4939	14038	16951	0	40	14015	82	14019	29769	24437	27021	25307	25302	28217	28228	28223	28216	28219	28212	28217	28217	28226	28209	28206	28212	28209	28222	28214	28201	31537	31535	31537	31536	25295	31535	25288	31543	31533	25296	25214	28217	28225	28189	28206	28212	28218	28204	28217	28193	28206	28208	28220	28218	28206	31523	31538	31533	31541	27862	25302	28439	25346	28168	25302	25302	25302	76405	17702	15826	6439	11472	8025	17836	15983	13594	7782	7781	7777	15830	3906	7794	20153	17750	16971	20148	8205	14013	14217	16973	10576	17842	16787	17287	20133	17876	12679	17143	22338	8505	14253	14246	17752	17343	14012	17826	14702	15960	7319	14253	8079	13582	8496	8507
12-6VP.snps.consensus.subs.fa	15857	15810	4941	4952	14016	16951	40	0	14021	72	13999	29759	24424	27007	25293	25288	28205	28216	28211	28204	28207	28200	28205	28205	28214	28197	28194	28200	28197	28210	28202	28189	31528	31526	31528	31527	25281	31526	25274	31534	31524	25283	25201	28205	28213	28177	28194	28200	28206	28192	28205	28181	28194	28196	28208	28206	28194	31514	31529	31524	31532	27857	25289	28428	25333	28159	25289	25289	25289	76397	17708	15836	6445	11479	8046	17845	15993	13596	7803	7796	7800	15834	3916	7805	20155	17763	16979	20159	8226	14011	14234	16975	10572	17853	16803	17300	20145	17882	12685	17154	22333	8519	14275	14249	17761	17344	14014	17833	14706	15962	7334	14256	8098	13600	8512	8517
12-7VP.snps.consensus.subs.fa	9318	9289	14943	14956	93	15673	14015	14021	0	14017	96	27904	24841	24220	24796	24790	23979	23980	23972	23965	23965	23957	23969	23969	23971	23958	23959	23962	23963	23967	23967	23976	27924	27923	27910	27906	24777	27907	24769	27917	27917	24775	24715	23969	23979	23965	23965	23973	23965	23960	23963	23963	23965	23973	23968	23971	23972	27895	27910	27904	27915	27185	24781	25663	24902	25704	24784	24785	24786	76075	15981	9296	12689	10144	12090	15868	9691	4765	13658	13655	13650	9304	14093	13660	20414	15938	15700	20408	13128	74	11467	15706	13223	15868	16025	15970	20418	15926	13208	16910	15341	13432	11480	11473	15935	15952	77	15851	13187	9721	13124	11549	12125	4757	13431	13428
12-8VP.snps.consensus.subs.fa	15839	15806	4966	4973	14036	16964	82	72	14017	0	14005	29735	24405	26985	25287	25283	28199	28208	28207	28198	28203	28196	28199	28205	28204	28193	28186	28194	28196	28206	28196	28183	31526	31524	31526	31525	25277	31524	25268	31532	31522	25277	25197	28199	28207	28171	28190	28196	28202	28186	28201	28181	28190	28196	28202	28200	28190	31512	31527	31522	31530	27860	25283	28422	25328	28151	25283	25283	25283	76402	17732	15829	6468	11481	8071	17869	16012	13614	7827	7812	7818	15821	3927	7817	20186	17793	16990	20189	8253	14025	14251	16988	10578	17879	16818	17322	20176	17906	12709	17169	22352	8543	14289	14269	17787	17366	14028	17859	14718	15977	7362	14278	8119	13618	8540	8539
12-9VP.snps.consensus.subs.fa	9332	9314	14931	14942	77	15662	14019	13999	96	14005	0	27884	24813	24194	24756	24749	23925	23930	23918	23911	23911	23903	23915	23915	23921	23904	23909	23912	23910	23917	23915	23922	27875	27874	27861	27857	24735	27858	24727	27868	27868	24735	24673	23915	23925	23911	23911	23919	23911	23906	23909	23909	23911	23919	23914	23917	23922	27844	27861	27853	27866	27132	24741	25625	24860	25664	24742	24743	24744	76039	16004	9330	12690	10150	12118	15878	9705	4767	13674	13667	13668	9320	14078	13668	20430	15948	15698	20415	13139	102	11471	15696	13228	15882	16040	15987	20432	15933	13210	16912	15345	13426	11501	11478	15949	15956	105	15861	13174	9730	13138	11559	12151	4782	13427	13424
AR01-139.snps.consensus.subs.fa	26098	26085	28795	28811	27907	25207	29769	29759	27904	29735	27884	0	14007	7794	11848	11837	8223	8217	8219	8208	8211	8221	8211	8214	8212	8222	8233	8222	8227	8211	8225	8190	13582	13582	13584	13588	11899	13590	11898	13589	13583	11897	11802	8217	8220	8199	8240	8237	8210	8214	8212	8228	8240	8242	8218	8212	8237	13586	13585	13586	13591	22156	11906	12683	12262	12536	11906	11912	11909	74600	29649	26111	28485	32186	27038	24733	25853	29571	26599	26606	26600	26110	28614	26608	24555	24646	25235	24550	28215	27905	24669	25240	27439	24737	26169	25019	24522	24741	24765	30337	22904	27917	24689	24677	24633	24748	27912	24714	28691	25802	27080	24670	27046	29589	27903	27915
AR98-565.snps.consensus.subs.fa	22692	22684	21590	21606	24838	22344	24437	24424	24841	24405	24813	14007	0	6408	7090	7088	11428	11429	11422	11417	11419	11423	11421	11416	11422	11422	11441	11426	11430	11416	11434	11447	12250	12249	12240	12239	7032	12236	7028	12240	12248	7033	6933	11420	11435	11441	11447	11446	11419	11433	11418	11444	11447	11450	11420	11424	11453	12235	12239	12236	12239	14714	7041	10842	6748	11050	7038	7049	7038	74398	26581	22706	24611	26357	22849	22782	21831	26036	24442	24443	24445	22699	22631	24453	19764	22842	22377	19755	21800	24842	22174	22383	22413	22783	23411	22217	19742	22788	19570	25438	20446	21502	22194	22184	22843	23209	24847	22772	22946	21782	24876	22163	22858	26052	21487	21499
ARL04-840.snps.consensus.subs.fa	22204	22189	26132	26148	24217	22771	27021	27007	24220	26985	24194	7794	6408	0	6707	6706	6268	6272	6266	6261	6259	6263	6265	6255	6264	6265	6278	6267	6271	6259	6278	6287	7600	7603	7592	7600	6649	7596	6648	7593	7602	6645	6550	6264	6276	6284	6287	6286	6262	6275	6256	6287	6286	6293	6258	6268	6295	7594	7593	7595	7592	16204	6655	7356	7004	7561	6654	6666	6654	73996	24999	22215	25947	28621	23937	22032	23731	25884	24358	24362	24361	22214	25848	24369	19991	22092	22812	19983	25137	24219	20124	22817	22647	22035	24505	22310	19969	22040	20272	25682	17010	24841	20143	20133	22092	22460	24226	22025	26535	23680	24762	20129	23965	25901	24826	24838
ARL05-425.snps.consensus.subs.fa	23239	23226	23592	23608	24788	22501	25307	25293	24796	25287	24756	11848	7090	6707	0	68	6907	6913	6904	6899	6903	6906	6905	6898	6909	6903	6926	6910	6911	6906	6917	6899	11063	11063	11055	11054	490	11051	496	11056	11063	489	414	6907	6914	6894	6922	6925	6906	6897	6899	6923	6923	6927	6898	6908	6923	11050	11055	11049	11053	16815	501	4991	1020	5089	503	509	495	74389	26795	23249	24130	29146	23315	22433	21666	27151	23500	23509	23504	23248	23903	23509	19465	22489	22499	19456	23408	24798	21563	22502	23825	22437	24059	21859	19427	22403	18740	26278	19461	23112	21583	21575	22491	22292	24805	22393	24364	21613	24029	21501	23315	27166	23099	23109
ARL05-67.snps.consensus.subs.fa	23232	23221	23584	23600	24781	22494	25302	25288	24790	25283	24749	11837	7088	6706	68	0	6899	6903	6894	6889	6895	6898	6895	6888	6899	6893	6918	6902	6901	6896	6907	6889	11054	11054	11046	11045	444	11042	450	11045	11054	451	374	6897	6904	6884	6914	6915	6896	6887	6889	6913	6915	6920	6888	6898	6915	11041	11046	11040	11046	16806	463	4981	990	5078	461	469	455	74383	26788	23244	24121	29137	23304	22423	21659	27142	23493	23502	23497	23243	23896	23502	19460	22479	22492	19451	23398	24790	21553	22495	23818	22427	24053	21849	19422	22393	18730	26272	19452	23102	21573	21565	22481	22282	24797	22383	24359	21606	24021	21491	23304	27157	23089	23099
ARL07-1139.snps.consensus.subs.fa	22434	22430	26987	27001	23955	23602	28217	28205	23979	28199	23925	8223	11428	6268	6907	6899	0	26	28	28	30	33	25	27	27	34	33	43	30	36	33	47	9690	9691	9683	9688	6594	9688	6598	9689	9685	6597	6699	39	27	51	37	28	34	45	23	47	38	49	23	24	46	9689	9684	9684	9685	18079	6606	6170	7012	6561	6599	6609	6601	74207	26073	22455	26489	29461	24162	22445	23896	25827	25359	25361	25358	22447	26660	25366	21166	22509	23610	21158	25299	23977	20692	23610	23749	22447	25289	22612	21144	22430	21364	26310	18627	25013	20723	20712	22510	22333	23982	22435	27023	23889	25634	20705	24166	25841	25004	25010
ARL07-1163.snps.consensus.subs.fa	22442	22438	26996	27010	23962	23610	28228	28216	23980	28208	23930	8217	11429	6272	6913	6903	26	0	28	28	28	38	25	33	15	37	40	33	36	22	25	47	9689	9688	9682	9687	6604	9689	6610	9688	9688	6605	6709	45	25	58	48	44	34	52	27	58	47	56	31	24	49	9690	9685	9689	9686	18088	6616	6184	7024	6574	6611	6619	6613	74206	26078	22463	26495	29465	24169	22446	23903	25831	25369	25371	25368	22455	26669	25376	21172	22507	23608	21164	25306	23982	20700	23614	23761	22445	25289	22607	21150	22428	21365	26316	18635	25020	20725	20714	22505	22334	23987	22436	27028	23894	25647	20707	24173	25851	25011	25017
ARL07-1166.snps.consensus.subs.fa	22435	22431	26997	27011	23950	23606	28223	28211	23972	28207	23918	8219	11422	6266	6904	6894	28	28	0	18	20	28	21	27	19	25	48	35	36	24	31	37	9687	9686	9676	9681	6593	9677	6599	9678	9688	6596	6698	31	23	48	40	38	22	36	17	46	41	52	23	22	51	9682	9677	9677	9676	18088	6605	6170	7013	6567	6600	6608	6598	74198	26077	22456	26495	29454	24167	22438	23899	25820	25365	25367	25364	22448	26669	25372	21165	22499	23604	21157	25303	23970	20699	23610	23750	22437	25282	22599	21142	22420	21366	26315	18627	25017	20724	20713	22497	22326	23975	22428	27024	23890	25642	20706	24171	25840	25008	25014
ARL07-1169.snps.consensus.subs.fa	22425	22421	26986	27000	23941	23597	28216	28204	23965	28198	23911	8208	11417	6261	6899	6889	28	28	18	0	14	24	13	23	15	19	48	37	32	20	31	39	9683	9680	9668	9671	6585	9671	6589	9674	9680	6588	6690	19	29	40	46	46	12	28	13	44	47	54	15	14	63	9668	9667	9671	9670	18077	6597	6160	7003	6556	6590	6600	6592	74188	26072	22446	26485	29447	24158	22431	23888	25813	25356	25358	25355	22438	26659	25363	21156	22492	23595	21148	25296	23963	20690	23601	23741	22430	25275	22592	21134	22413	21356	26309	18617	25010	20715	20704	22490	22319	23968	22421	27013	23879	25634	20697	24162	25833	25001	25007
ARL07-1195.snps.consensus.subs.fa	22427	22423	26989	27003	23943	23599	28219	28207	23965	28203	23911	8211	11419	6259	6903	6895	30	28	20	14	0	20	17	21	19	25	40	33	28	12	31	41	9677	9680	9666	9671	6592	9673	6594	9672	9678	6589	6697	29	31	50	50	48	16	38	9	52	49	64	17	18	61	9674	9669	9673	9668	18078	6600	6168	7012	6565	6599	6607	6601	74190	26072	22448	26490	29450	24160	22436	23891	25815	25358	25360	25357	22440	26660	25365	21157	22497	23597	21149	25299	23963	20693	23603	23745	22435	25278	22597	21135	22418	21360	26310	18618	25013	20718	20707	22495	22324	23968	22426	27018	23882	25635	20700	24164	25835	25004	25010
ARL07-1198.snps.consensus.subs.fa	22427	22423	26980	26994	23935	23600	28212	28200	23957	28196	23903	8221	11423	6263	6906	6898	33	38	28	24	20	0	23	24	31	13	34	41	35	24	39	51	9681	9680	9666	9669	6594	9671	6596	9672	9678	6593	6699	33	38	42	42	51	24	30	18	46	43	54	22	28	51	9672	9667	9671	9668	18082	6600	6173	7014	6570	6601	6609	6603	74188	26063	22448	26483	29443	24151	22441	23892	25817	25352	25354	25351	22440	26652	25359	21156	22502	23603	21148	25291	23955	20683	23609	23740	22440	25284	22602	21134	22423	21350	26301	18618	25005	20708	20697	22500	22329	23960	22431	27020	23883	25627	20690	24155	25837	24996	25002
ARL07-1205.snps.consensus.subs.fa	22429	22425	26987	27001	23945	23600	28217	28205	23969	28199	23915	8211	11421	6265	6905	6895	25	25	21	13	17	23	0	22	20	22	43	26	25	21	26	43	9681	9678	9667	9670	6590	9672	6594	9673	9676	6593	6695	26	24	42	47	41	21	33	16	44	46	55	16	11	56	9673	9668	9672	9671	18080	6602	6165	7010	6559	6595	6605	6597	74191	26070	22450	26490	29452	24157	22435	23893	25817	25361	25363	25360	22442	26662	25368	21158	22496	23598	21150	25294	23967	20694	23604	23749	22434	25279	22596	21136	22417	21361	26307	18624	25008	20715	20708	22494	22323	23972	22425	27018	23884	25636	20701	24161	25837	24999	25005
ARL07-1286.snps.consensus.subs.fa	22425	22417	26984	27000	23947	23596	28217	28205	23969	28205	23915	8214	11416	6255	6898	6888	27	33	27	23	21	24	22	0	24	27	48	42	29	23	44	46	9679	9678	9662	9667	6583	9669	6585	9670	9676	6582	6688	34	38	54	56	43	23	42	16	44	55	58	18	27	61	9670	9665	9669	9666	18081	6589	6160	7005	6557	6590	6598	6592	74186	26067	22442	26495	29455	24159	22439	23888	25816	25358	25362	25361	22438	26664	25369	21147	22498	23604	21139	25296	23967	20698	23610	23749	22440	25285	22602	21125	22419	21364	26309	18618	25014	20719	20712	22500	22329	23972	22431	27016	23879	25638	20700	24163	25836	25001	25011
ARL07-1300.snps.consensus.subs.fa	22432	22428	26996	27010	23951	23608	28226	28214	23971	28204	23921	8212	11422	6264	6909	6899	27	15	19	15	19	31	20	24	0	28	43	32	35	17	30	42	9688	9687	9675	9680	6597	9680	6601	9681	9687	6598	6702	30	28	49	49	45	25	39	16	53	50	61	20	21	56	9681	9676	9680	9679	18087	6609	6170	7013	6566	6600	6612	6604	74201	26080	22453	26495	29457	24168	22441	23898	25823	25365	25367	25364	22445	26669	25372	21166	22502	23606	21158	25305	23973	20701	23612	23751	22440	25284	22602	21144	22423	21366	26317	18629	25019	20726	20715	22500	22329	23978	22431	27023	23889	25643	20708	24172	25843	25010	25016
ARL07-1328.snps.consensus.subs.fa	22428	22424	26981	26995	23936	23601	28209	28197	23958	28193	23904	8222	11422	6265	6903	6893	34	37	25	19	25	13	22	27	28	0	43	40	34	27	40	54	9689	9686	9670	9675	6589	9675	6595	9678	9684	6592	6694	28	37	37	41	46	25	25	19	41	40	47	21	27	54	9674	9671	9675	9676	18084	6601	6167	7009	6564	6596	6604	6598	74190	26063	22449	26480	29442	24151	22439	23893	25815	25352	25354	25351	22441	26652	25359	21156	22500	23604	21148	25288	23956	20684	23610	23737	22438	25283	22600	21134	22421	21351	26301	18619	25002	20709	20698	22498	22327	23961	22429	27018	23884	25627	20690	24155	25835	24993	24999
ARL07-1345.snps.consensus.subs.fa	22448	22444	26974	26988	23941	23620	28206	28194	23959	28186	23909	8233	11441	6278	6926	6918	33	40	48	48	40	34	43	48	43	43	0	27	31	40	23	67	9696	9699	9695	9700	6619	9698	6621	9697	9697	6616	6724	61	50	58	26	39	48	52	38	42	27	44	44	44	29	9703	9698	9694	9693	18092	6625	6197	7039	6588	6626	6634	6624	74210	26060	22469	26479	29458	24148	22443	23898	25831	25345	25347	25344	22461	26647	25352	21183	22507	23605	21175	25288	23961	20678	23605	23738	22445	25286	22628	21161	22428	21351	26298	18643	25002	20709	20698	22526	22331	23966	22433	27028	23891	25620	20691	24152	25837	24993	24999
ARL07-1348.snps.consensus.subs.fa	22442	22436	26983	26997	23944	23615	28212	28200	23962	28194	23912	8222	11426	6267	6910	6902	43	33	35	37	33	41	26	42	32	40	27	0	21	31	16	64	9686	9687	9681	9686	6603	9684	6609	9683	9689	6604	6708	48	40	61	37	41	43	53	34	45	38	53	38	33	40	9689	9684	9684	9681	18090	6615	6180	7025	6573	6610	6618	6608	74198	26065	22461	26487	29458	24155	22433	23896	25820	25355	25359	25356	22455	26660	25364	21172	22492	23595	21164	25290	23964	20691	23601	23747	22432	25275	22612	21150	22413	21358	26305	18640	25006	20712	20705	22510	22321	23969	22423	27021	23887	25633	20696	24159	25832	24995	25003
ARL07-1351.snps.consensus.subs.fa	22437	22429	26981	26997	23942	23607	28209	28197	23963	28196	23910	8227	11430	6271	6911	6901	30	36	36	32	28	35	25	29	35	34	31	21	0	26	19	59	9692	9689	9679	9684	6596	9686	6602	9685	9687	6599	6701	41	37	55	37	26	38	47	25	37	36	43	25	28	40	9687	9682	9686	9685	18084	6608	6173	7016	6566	6603	6611	6605	74194	26063	22454	26484	29456	24156	22436	23885	25816	25350	25354	25353	22450	26656	25361	21164	22495	23597	21156	25288	23962	20688	23603	23744	22437	25282	22617	21142	22416	21355	26305	18630	25006	20713	20702	22515	22326	23967	22428	27010	23876	25630	20691	24160	25828	24993	25003
ARL07-1384.snps.consensus.subs.fa	22428	22420	26989	27005	23949	23605	28222	28210	23967	28206	23917	8211	11416	6259	6906	6896	36	22	24	20	12	24	21	23	17	27	40	31	26	0	33	47	9681	9680	9666	9671	6593	9673	6595	9672	9678	6592	6698	35	37	54	58	52	22	42	15	54	55	60	23	24	53	9674	9669	9673	9670	18083	6601	6172	7013	6569	6600	6608	6602	74190	26072	22445	26495	29456	24165	22437	23894	25817	25362	25366	25365	22441	26665	25373	21156	22496	23603	21148	25299	23969	20697	23609	23754	22438	25283	22600	21134	22417	21364	26314	18622	25017	20722	20711	22498	22327	23974	22429	27021	23885	25643	20700	24169	25837	25004	25014
ARL07-973.snps.consensus.subs.fa	22448	22444	26985	26999	23947	23615	28214	28202	23967	28196	23915	8225	11434	6278	6917	6907	33	25	31	31	31	39	26	44	30	40	23	16	19	33	0	54	9694	9691	9689	9694	6609	9692	6615	9691	9695	6610	6714	46	30	55	29	31	37	49	30	45	32	45	34	27	36	9697	9692	9692	9691	18089	6621	6187	7029	6577	6616	6624	6614	74204	26070	22469	26484	29459	24158	22437	23894	25825	25354	25356	25353	22461	26658	25361	21179	22498	23595	21171	25295	23967	20690	23601	23747	22436	25280	22616	21157	22419	21356	26307	18642	25009	20715	20704	22514	22325	23972	22427	27019	23885	25631	20697	24162	25837	25000	25006
ARL08-105.snps.consensus.subs.fa	22438	22434	26970	26984	23952	23581	28201	28189	23976	28183	23922	8190	11447	6287	6899	6889	47	47	37	39	41	51	43	46	42	54	67	64	59	47	54	0	9696	9693	9693	9698	6585	9698	6585	9699	9693	6584	6690	56	36	33	59	53	41	47	40	53	60	69	46	41	58	9699	9694	9698	9697	18101	6591	6160	7005	6544	6590	6600	6592	74201	26053	22459	26471	29460	24141	22447	23900	25827	25340	25342	25339	22451	26643	25347	21169	22508	23579	21161	25281	23974	20674	23585	23755	22446	25291	22608	21146	22429	21340	26290	18631	24995	20699	20688	22506	22335	23979	22437	27027	23891	25618	20681	24145	25847	24986	24992
ARL08-1074.snps.consensus.subs.fa	26352	26341	30181	30196	27903	26570	31537	31528	27924	31526	27875	13582	12250	7600	11063	11054	9690	9689	9687	9683	9677	9681	9681	9679	9688	9689	9696	9686	9692	9681	9694	9696	0	13	22	27	10883	26	10883	23	23	10880	10989	9694	9690	9698	9705	9707	9687	9699	9680	9699	9704	9711	9681	9681	9712	48	23	28	21	9312	10892	11472	11042	11842	10886	10901	10886	74435	28660	26357	30992	32278	27919	25989	28599	30155	28791	28794	28794	26353	30640	28802	23427	26047	26572	23419	28753	27904	24417	26578	26448	25990	28234	26130	23406	25968	24260	29096	20324	28490	24439	24432	26048	26420	27909	25990	30485	28592	29185	24418	27908	30176	28475	28486
ARL08-1077.snps.consensus.subs.fa	26353	26342	30177	30192	27902	26564	31535	31526	27923	31524	27874	13582	12249	7603	11063	11054	9691	9688	9686	9680	9680	9680	9678	9678	9687	9686	9699	9687	9689	9680	9691	9693	13	0	17	24	10880	23	10880	20	18	10879	10986	9691	9687	9695	9704	9704	9686	9696	9681	9696	9705	9708	9682	9680	9711	41	24	23	18	9309	10889	11469	11039	11838	10883	10898	10883	74434	28658	26358	30989	32278	27918	25983	28596	30156	28789	28792	28792	26354	30638	28800	23427	26041	26568	23419	28752	27903	24414	26574	26445	25984	28233	26124	23406	25962	24255	29092	20325	28489	24436	24429	26042	26414	27908	25984	30480	28589	29181	24415	27907	30177	28476	28485
ARL08-1189.snps.consensus.subs.fa	26340	26329	30179	30194	27889	26568	31537	31528	27910	31526	27861	13584	12240	7592	11055	11046	9683	9682	9676	9668	9666	9666	9667	9662	9675	9670	9695	9681	9679	9666	9689	9693	22	17	0	15	10867	20	10867	13	17	10866	10973	9677	9681	9697	9702	9694	9672	9686	9667	9694	9701	9700	9668	9670	9707	28	11	18	11	9301	10876	11456	11030	11839	10870	10885	10874	74419	28658	26345	30990	32266	27917	25976	28586	30143	28790	28793	28793	26341	30638	28801	23412	26034	26572	23404	28751	27890	24414	26578	26431	25977	28221	26113	23391	25955	24257	29092	20310	28488	24436	24429	26035	26407	27895	25973	30470	28579	29181	24414	27906	30164	28475	28484
ARL08-1215.snps.consensus.subs.fa	26334	26324	30177	30192	27885	26566	31536	31527	27906	31525	27857	13588	12239	7600	11054	11045	9688	9687	9681	9671	9671	9669	9670	9667	9680	9675	9700	9686	9684	9671	9694	9698	27	24	15	0	10866	14	10866	26	27	10865	10972	9680	9686	9700	9707	9701	9675	9689	9672	9697	9706	9705	9671	9673	9712	30	15	16	20	9307	10875	11463	11025	11846	10869	10884	10873	74417	28658	26340	30995	32262	27914	25970	28583	30139	28791	28794	28794	26336	30638	28802	23413	26028	26570	23405	28748	27886	24413	26576	26431	25971	28220	26111	23392	25949	24256	29092	20306	28485	24435	24428	26029	26401	27891	25971	30467	28576	29181	24414	27903	30160	28472	28481
ARL08-1218.snps.consensus.subs.fa	23225	23214	23699	23715	24767	22592	25295	25281	24777	25277	24735	11899	7032	6649	490	444	6594	6604	6593	6585	6592	6594	6590	6583	6597	6589	6619	6603	6596	6593	6609	6585	10883	10880	10867	10866	0	10867	14	10874	10875	23	123	6594	6602	6583	6616	6610	6591	6586	6586	6608	6617	6619	6585	6593	6615	10862	10867	10864	10871	16480	33	4723	616	5102	33	37	29	74319	26806	23238	24203	29121	23309	22523	21770	27126	23557	23566	23561	23237	23902	23566	19455	22579	22590	19446	23402	24775	21547	22593	23931	22527	24166	21949	19417	22495	18844	26280	19441	23106	21566	21558	22581	22382	24782	22483	24475	21717	24017	21484	23309	27141	23093	23103
ARL08-1249.snps.consensus.subs.fa	26334	26325	30176	30191	27886	26565	31535	31526	27907	31524	27858	13590	12236	7596	11051	11042	9688	9689	9677	9671	9673	9671	9672	9669	9680	9675	9698	9684	9686	9673	9692	9698	26	23	20	14	10867	0	10867	23	29	10866	10973	9680	9688	9696	9703	9701	9675	9685	9672	9697	9702	9703	9673	9675	9710	30	17	12	17	9310	10876	11463	11026	11846	10870	10885	10870	74417	28657	26341	30993	32263	27914	25970	28581	30140	28789	28792	28792	26337	30636	28800	23415	26028	26569	23407	28748	27887	24412	26575	26429	25971	28219	26111	23394	25949	24255	29091	20308	28485	24434	24427	26029	26401	27892	25971	30465	28574	29179	24413	27903	30161	28472	28481
ARL08-1256.snps.consensus.subs.fa	23215	23204	23689	23705	24757	22584	25288	25274	24769	25268	24727	11898	7028	6648	496	450	6598	6610	6599	6589	6594	6596	6594	6585	6601	6595	6621	6609	6602	6595	6615	6585	10883	10880	10867	10866	14	10867	0	10874	10875	27	131	6598	6606	6587	6622	6616	6593	6590	6588	6614	6623	6625	6589	6597	6621	10862	10867	10864	10871	16481	37	4727	620	5106	37	45	35	74321	26808	23228	24195	29114	23299	22517	21761	27120	23548	23557	23552	23227	23892	23557	19447	22573	22582	19438	23394	24767	21548	22585	23935	22521	24171	21943	19409	22489	18834	26270	19433	23098	21567	21559	22575	22376	24774	22477	24468	21708	24008	21485	23299	27135	23085	23095
ARL08-1292.snps.consensus.subs.fa	26346	26335	30187	30202	27896	26575	31543	31534	27917	31532	27868	13589	12240	7593	11056	11045	9689	9688	9678	9674	9672	9672	9673	9670	9681	9678	9697	9683	9685	9672	9691	9699	23	20	13	26	10874	23	10874	0	26	10873	10980	9681	9687	9699	9704	9702	9678	9688	9673	9700	9703	9706	9674	9676	9709	35	18	23	14	9309	10883	11463	11037	11846	10877	10892	10877	74424	28664	26351	30998	32272	27926	25984	28590	30148	28796	28799	28799	26347	30644	28807	23420	26042	26577	23412	28760	27897	24423	26583	26438	25985	28225	26119	23399	25963	24266	29100	20315	28497	24445	24438	26043	26415	27902	25981	30477	28583	29189	24424	27915	30169	28482	28493
ARL08-1309.snps.consensus.subs.fa	26345	26336	30172	30187	27896	26565	31533	31524	27917	31522	27868	13583	12248	7602	11063	11054	9685	9688	9688	9680	9678	9678	9676	9676	9687	9684	9697	9689	9687	9678	9695	9693	23	18	17	27	10875	29	10875	26	0	10874	10981	9689	9687	9697	9708	9702	9684	9698	9679	9694	9707	9708	9680	9678	9713	39	22	23	22	9302	10884	11466	11038	11837	10878	10893	10882	74430	28654	26352	30987	32275	27913	25983	28591	30150	28786	28789	28789	26348	30632	28797	23421	26041	26569	23413	28747	27897	24407	26575	26437	25984	28228	26120	23400	25962	24250	29088	20315	28484	24429	24422	26042	26414	27902	25980	30477	28586	29175	24408	27902	30171	28471	28480
ARL08-1412.snps.consensus.subs.fa	23223	23213	23696	23712	24767	22594	25296	25283	24775	25277	24735	11897	7033	6645	489	451	6597	6605	6596	6588	6589	6593	6593	6582	6598	6592	6616	6604	6599	6592	6610	6584	10880	10879	10866	10865	23	10866	27	10873	10874	0	118	6597	6603	6586	6617	6613	6590	6589	6583	6611	6618	6622	6586	6596	6618	10861	10866	10863	10870	16478	20	4726	615	5105	30	32	24	74318	26804	23237	24201	29123	23306	22525	21767	27128	23554	23563	23558	23236	23899	23563	19455	22581	22593	19446	23402	24774	21545	22596	23931	22529	24166	21951	19417	22497	18842	26278	19440	23106	21564	21556	22583	22384	24781	22485	24474	21714	24015	21482	23306	27143	23093	23103
ARL08-1437.snps.consensus.subs.fa	23161	23151	23616	23632	24705	22529	25214	25201	24715	25197	24673	11802	6933	6550	414	374	6699	6709	6698	6690	6697	6699	6695	6688	6702	6694	6724	6708	6701	6698	6714	6690	10989	10986	10973	10972	123	10973	131	10980	10981	118	0	6699	6707	6688	6721	6715	6696	6691	6691	6713	6722	6724	6690	6698	6720	10968	10973	10970	10977	16585	130	4825	717	5028	130	134	124	74341	26724	23175	24119	29058	23233	22458	21703	27064	23475	23484	23479	23174	23819	23484	19373	22514	22528	19364	23327	24712	21483	22531	23856	22462	24087	21884	19335	22430	18780	26197	19379	23031	21502	21494	22516	22317	24719	22418	24373	21650	23935	21420	23233	27079	23018	23028
ARL08-288.snps.consensus.subs.fa	22425	22421	26990	27004	23945	23599	28217	28205	23969	28199	23915	8217	11420	6264	6907	6897	39	45	31	19	29	33	26	34	30	28	61	48	41	35	46	56	9694	9691	9677	9680	6594	9680	6598	9681	9689	6597	6699	0	40	49	57	53	23	39	26	55	58	65	26	27	74	9677	9676	9680	9681	18086	6606	6167	7010	6564	6597	6609	6601	74193	26075	22446	26490	29450	24162	22437	23893	25817	25361	25363	25360	22438	26661	25368	21156	22498	23601	21148	25300	23967	20695	23607	23746	22436	25281	22598	21134	22419	21362	26312	18618	25014	20720	20709	22496	22325	23972	22427	27017	23884	25636	20702	24166	25837	25005	25011
ARL08-32.snps.consensus.subs.fa	22441	22437	26998	27012	23955	23609	28225	28213	23979	28207	23925	8220	11435	6276	6914	6904	27	25	23	29	31	38	24	38	28	37	50	40	37	37	30	36	9690	9687	9681	9686	6602	9688	6606	9687	9687	6603	6707	40	0	56	30	27	37	48	30	42	33	44	30	25	43	9689	9684	9688	9687	18083	6614	6177	7020	6567	6607	6617	6609	74208	26078	22462	26495	29461	24168	22451	23905	25827	25366	25368	25365	22454	26670	25373	21173	22512	23609	21165	25302	23977	20699	23615	23757	22450	25294	22612	21150	22433	21365	26315	18637	25016	20724	20713	22510	22339	23982	22441	27029	23896	25643	20706	24172	25847	25007	25013
ARL08-339.snps.consensus.subs.fa	22434	22430	26961	26975	23941	23580	28189	28177	23965	28171	23911	8199	11441	6284	6894	6884	51	58	48	40	50	42	42	54	49	37	58	61	55	54	55	33	9698	9695	9697	9700	6583	9696	6587	9699	9697	6586	6688	49	56	0	56	65	42	22	44	52	55	64	42	44	59	9695	9696	9696	9697	18101	6595	6156	6998	6541	6586	6598	6586	74199	26044	22455	26460	29448	24131	22448	23900	25822	25332	25334	25331	22447	26632	25339	21165	22509	23583	21157	25268	23963	20663	23589	23745	22447	25292	22609	21143	22430	21330	26281	18627	24982	20688	20677	22507	22336	23968	22438	27025	23891	25606	20670	24135	25842	24973	24979
ARL08-35.snps.consensus.subs.fa	22456	22452	26979	26993	23943	23623	28206	28194	23965	28190	23911	8240	11447	6287	6922	6914	37	48	40	46	50	42	47	56	49	41	26	37	37	58	29	59	9705	9704	9702	9707	6616	9703	6622	9704	9708	6617	6721	57	30	56	0	21	54	48	46	20	5	22	50	50	21	9704	9703	9703	9702	18097	6628	6194	7036	6584	6623	6631	6621	74212	26059	22477	26477	29456	24149	22444	23903	25830	25347	25349	25346	22469	26652	25354	21186	22508	23608	21178	25284	23963	20681	23608	23739	22446	25287	22629	21163	22429	21353	26297	18650	24998	20712	20701	22527	22332	23968	22434	27027	23894	25624	20694	24153	25836	24989	24995
ARL08-39.snps.consensus.subs.fa	22449	22445	26987	27001	23951	23616	28212	28200	23973	28196	23919	8237	11446	6286	6925	6915	28	44	38	46	48	51	41	43	45	46	39	41	26	52	31	53	9707	9704	9694	9701	6610	9701	6616	9702	9702	6613	6715	53	27	65	21	0	50	59	39	27	20	25	41	40	30	9702	9697	9701	9702	18096	6622	6185	7028	6576	6615	6625	6619	74212	26065	22470	26484	29464	24156	22442	23895	25829	25354	25356	25353	22462	26658	25361	21178	22506	23606	21170	25291	23971	20688	23606	23746	22444	25287	22627	21155	22427	21361	26303	18643	25005	20719	20708	22525	22330	23976	22432	27019	23886	25630	20700	24160	25835	24996	25002
ARL08-391.snps.consensus.subs.fa	22426	22422	26986	27000	23943	23597	28218	28206	23965	28202	23911	8210	11419	6262	6906	6896	34	34	22	12	16	24	21	23	25	25	48	43	38	22	37	41	9687	9686	9672	9675	6591	9675	6593	9678	9684	6590	6696	23	37	42	54	50	0	34	15	50	53	60	21	20	67	9672	9671	9675	9674	18080	6597	6168	7010	6565	6598	6606	6600	74186	26071	22447	26490	29449	24159	22434	23889	25816	25357	25359	25356	22439	26659	25364	21156	22495	23595	21148	25300	23963	20691	23601	23744	22433	25278	22595	21134	22416	21358	26309	18617	25014	20716	20705	22493	22322	23968	22424	27017	23880	25633	20698	24163	25836	25005	25011
ARL08-394.snps.consensus.subs.fa	22429	22425	26976	26990	23936	23595	28204	28192	23960	28186	23906	8214	11433	6275	6897	6887	45	52	36	28	38	30	33	42	39	25	52	53	47	42	49	47	9699	9696	9686	9689	6586	9685	6590	9688	9698	6589	6691	39	48	22	48	59	34	0	32	50	47	58	30	38	51	9686	9685	9685	9686	18095	6598	6161	7004	6558	6591	6601	6589	74196	26059	22450	26474	29443	24146	22443	23894	25817	25346	25348	25345	22442	26647	25353	21161	22504	23598	21153	25283	23958	20678	23604	23740	22442	25287	22604	21139	22425	21345	26296	18623	24997	20703	20692	22502	22331	23963	22433	27019	23885	25621	20685	24150	25837	24988	24994
ARL08-428.snps.consensus.subs.fa	22422	22418	26987	27001	23941	23595	28217	28205	23963	28201	23909	8212	11418	6256	6899	6889	23	27	17	13	9	18	16	16	16	19	38	34	25	15	30	40	9680	9681	9667	9672	6586	9672	6588	9673	9679	6583	6691	26	30	44	46	39	15	32	0	48	45	58	10	19	59	9673	9668	9672	9671	18078	6594	6163	7006	6560	6593	6601	6595	74189	26070	22443	26488	29448	24158	22436	23886	25814	25355	25357	25354	22435	26659	25362	21152	22497	23599	21144	25297	23961	20690	23605	23743	22435	25279	22597	21130	22418	21357	26308	18614	25011	20715	20704	22495	22324	23966	22426	27013	23877	25632	20697	24162	25834	25002	25008
ARL08-43.snps.consensus.subs.fa	22453	22445	26966	26982	23941	23614	28193	28181	23963	28181	23909	8228	11444	6287	6923	6913	47	58	46	44	52	46	44	44	53	41	42	45	37	54	45	53	9699	9696	9694	9697	6608	9697	6614	9700	9694	6611	6713	55	42	52	20	27	50	50	48	0	19	24	50	50	31	9694	9693	9697	9698	18100	6620	6185	7030	6570	6615	6623	6617	74202	26045	22470	26472	29455	24138	22438	23900	25824	25339	25343	25342	22466	26645	25350	21177	22500	23599	21169	25270	23961	20675	23599	23739	22442	25285	22625	21154	22421	21348	26287	18648	24988	20702	20695	22523	22328	23966	22430	27024	23891	25618	20684	24142	25830	24975	24985
ARL08-46.snps.consensus.subs.fa	22456	22452	26980	26994	23943	23624	28206	28194	23965	28190	23911	8240	11447	6286	6923	6915	38	47	41	47	49	43	46	55	50	40	27	38	36	55	32	60	9704	9705	9701	9706	6617	9702	6623	9703	9707	6618	6722	58	33	55	5	20	53	47	45	19	0	17	49	49	18	9703	9702	9702	9701	18098	6629	6195	7037	6586	6624	6632	6622	74211	26058	22477	26477	29457	24148	22444	23902	25830	25349	25351	25348	22469	26651	25356	21185	22508	23609	21177	25283	23963	20680	23609	23741	22446	25287	22629	21162	22429	21353	26296	18649	24997	20711	20700	22527	22332	23968	22434	27026	23893	25625	20693	24152	25836	24988	24994
ARL08-477.snps.consensus.subs.fa	22463	22455	26981	26997	23951	23630	28208	28196	23973	28196	23919	8242	11450	6293	6927	6920	49	56	52	54	64	54	55	58	61	47	44	53	43	60	45	69	9711	9708	9700	9705	6619	9703	6625	9706	9708	6622	6724	65	44	64	22	25	60	58	58	24	17	0	60	54	27	9702	9701	9703	9704	18103	6631	6195	7037	6586	6624	6634	6626	74214	26058	22480	26482	29464	24154	22447	23907	25833	25351	25355	25354	22476	26656	25362	21186	22509	23615	21178	25285	23971	20685	23615	23748	22451	25294	22634	21163	22430	21358	26301	18655	25003	20716	20705	22532	22337	23976	22439	27031	23898	25631	20693	24158	25839	24990	25000
ARL08-484.snps.consensus.subs.fa	22424	22420	26991	27005	23944	23598	28220	28208	23968	28202	23914	8218	11420	6258	6898	6888	23	31	23	15	17	22	16	18	20	21	44	38	25	23	34	46	9681	9682	9668	9671	6585	9673	6589	9674	9680	6586	6690	26	30	42	50	41	21	30	10	50	49	60	0	19	61	9674	9669	9673	9670	18083	6597	6160	7005	6557	6590	6600	6592	74192	26075	22445	26491	29450	24162	22441	23888	25816	25361	25363	25360	22437	26663	25368	21155	22502	23606	21147	25299	23966	20694	23612	23746	22440	25284	22602	21133	22423	21361	26312	18617	25013	20719	20708	22500	22329	23971	22431	27013	23879	25637	20701	24166	25836	25004	25010
ARL08-552.snps.consensus.subs.fa	22431	22427	26989	27003	23947	23599	28218	28206	23971	28200	23917	8212	11424	6268	6908	6898	24	24	22	14	18	28	11	27	21	27	44	33	28	24	27	41	9681	9680	9670	9673	6593	9675	6597	9676	9678	6596	6698	27	25	44	50	40	20	38	19	50	49	54	19	0	57	9676	9671	9675	9672	18078	6605	6166	7011	6559	6596	6608	6600	74196	26073	22452	26489	29452	24161	22437	23894	25819	25360	25362	25359	22444	26661	25367	21163	22498	23597	21155	25299	23969	20693	23603	23748	22436	25281	22598	21141	22419	21360	26310	18624	25013	20718	20707	22496	22325	23974	22427	27019	23885	25636	20700	24165	25839	25004	25010
