Node	Total SNPs	Num of SNPs inside recombinations	Num of SNPs outside recombinations	Num of Recombination Blocks	Bases in Recombinations	r/m	rho/theta	Genome Length	Bases in Clonal Frame
ref.fa	6	0	6	0	0	0.000000	0.000000	2717372	2717372
10-1-01.fa	0	0	0	0	0	0.000000	0.000000	2717372	2717372
10-1-02.fa	1	0	1	0	0	0.000000	0.000000	2717372	2717372
10-1-04.fa	0	0	0	0	0	0.000000	0.000000	2717372	2717372
10-1-05.fa	0	0	0	0	0	0.000000	0.000000	2717372	2717372
10-1-09.fa	0	0	0	0	0	0.000000	0.000000	2717372	2717372
10-1A.fa	1	0	1	0	0	0.000000	0.000000	2717372	2717372
10-2-12.fa	5	0	5	0	0	0.000000	0.000000	2717372	2717372
10-2-17.fa	0	0	0	0	0	0.000000	0.000000	2717372	2717372
10-6-41.fa	1	0	1	0	0	0.000000	0.000000	2717372	2717372
10-6-46.fa	1	0	1	0	0	0.000000	0.000000	2717372	2717372
10-6-50.fa	0	0	0	0	0	0.000000	0.000000	2717372	2717372
10-6A.fa	0	0	0	0	0	0.000000	0.000000	2717372	2717372
11-3A.fa	0	0	0	0	0	0.000000	0.000000	2717372	2717372
11-7A.fa	0	0	0	0	0	0.000000	0.000000	2717372	2717372
12-03-20.fa	17	9	8	1	36095	1.125000	0.125000	2717372	2681276
12-1VP.fa	11	0	11	0	0	0.000000	0.000000	2717372	2717372
12-3-27.fa	20	14	6	1	36095	2.333333	0.166667	2717372	2681276
12-7-68.fa	11	5	6	1	36095	0.833333	0.166667	2717372	2681276
12-8-01.fa	0	0	0	0	36095	0.000000	0.000000	2717372	2681276
13-06-51.fa	4	0	4	0	0	0.000000	0.000000	2717372	2717372
13-1-05.fa	3	0	3	0	0	0.000000	0.000000	2717372	2717372
13-1-06.fa	0	0	0	0	0	0.000000	0.000000	2717372	2717372
13-1-07.fa	0	0	0	0	0	0.000000	0.000000	2717372	2717372
13-1-08.fa	0	0	0	0	0	0.000000	0.000000	2717372	2717372
13-1-09.fa	1	0	1	0	0	0.000000	0.000000	2717372	2717372
13-1-10.fa	0	0	0	0	0	0.000000	0.000000	2717372	2717372
13-10-96.fa	0	0	0	0	0	0.000000	0.000000	2717372	2717372
13-10-98.fa	0	0	0	0	0	0.000000	0.000000	2717372	2717372
13-1VP.fa	1	0	1	0	0	0.000000	0.000000	2717372	2717372
13-2-13.fa	0	0	0	0	0	0.000000	0.000000	2717372	2717372
13-2-16.fa	0	0	0	0	0	0.000000	0.000000	2717372	2717372
13-2-17.fa	5	0	5	0	0	0.000000	0.000000	2717372	2717372
13-2-19.fa	0	0	0	0	0	0.000000	0.000000	2717372	2717372
13-2VP.fa	0	0	0	0	0	0.000000	0.000000	2717372	2717372
13-4-32.fa	2	0	2	0	0	0.000000	0.000000	2717372	2717372
13-4-33.fa	0	0	0	0	0	0.000000	0.000000	2717372	2717372
13-4-35.fa	2	0	2	0	0	0.000000	0.000000	2717372	2717372
13-4VP.fa	2	0	2	0	0	0.000000	0.000000	2717372	2717372
13-5-45.fa	0	0	0	0	0	0.000000	0.000000	2717372	2717372
13-7-61.fa	7	0	7	0	0	0.000000	0.000000	2717372	2717372
13-8-72.fa	3	0	3	0	0	0.000000	0.000000	2717372	2717372
13-9-85.fa	0	0	0	0	0	0.000000	0.000000	2717372	2717372
13-9-86.fa	0	0	0	0	0	0.000000	0.000000	2717372	2717372
13-9-88.fa	0	0	0	0	0	0.000000	0.000000	2717372	2717372
5A-1.fa	0	0	0	0	0	0.000000	0.000000	2717372	2717372
5A-12.fa	1	0	1	0	0	0.000000	0.000000	2717372	2717372
5A-13.fa	0	0	0	0	0	0.000000	0.000000	2717372	2717372
5A-15.fa	0	0	0	0	0	0.000000	0.000000	2717372	2717372
5A-16.fa	0	0	0	0	0	0.000000	0.000000	2717372	2717372
5A-18.fa	0	0	0	0	0	0.000000	0.000000	2717372	2717372
5A-19.fa	3	0	3	0	0	0.000000	0.000000	2717372	2717372
5A-2.fa	0	0	0	0	0	0.000000	0.000000	2717372	2717372
5A-20.fa	0	0	0	0	0	0.000000	0.000000	2717372	2717372
5A-4.fa	1	0	1	0	0	0.000000	0.000000	2717372	2717372
5A-5.fa	0	0	0	0	0	0.000000	0.000000	2717372	2717372
5A-6.fa	1	0	1	0	0	0.000000	0.000000	2717372	2717372
5A-7.fa	7	0	7	0	0	0.000000	0.000000	2717372	2717372
5A-8.fa	0	0	0	0	0	0.000000	0.000000	2717372	2717372
5A-9.fa	0	0	0	0	0	0.000000	0.000000	2717372	2717372
5D-62.fa	0	0	0	0	0	0.000000	0.000000	2717372	2717372
AR00-128.fa	5	0	5	0	0	0.000000	0.000000	2717372	2717372
AR00-36.fa	5	0	5	0	0	0.000000	0.000000	2717372	2717372
AR01-1155.fa	19	0	19	0	0	0.000000	0.000000	2717372	2717372
AR01-673.fa	7	0	7	0	0	0.000000	0.000000	2717372	2717372
AR01-802.fa	0	0	0	0	0	0.000000	0.000000	2717372	2717372
AR01-912.fa	0	0	0	0	36095	0.000000	0.000000	2717372	2681276
AR96-360.fa	651	625	26	1	36095	24.038462	0.038462	2717372	2716501
AR99-1024.fa	0	0	0	0	0	0.000000	0.000000	2717372	2717372
AR99-1107.fa	0	0	0	0	870	0.000000	0.000000	2717372	2716501
AR99-190.fa	542	528	14	1	36095	37.714287	0.071429	2717372	2716501
AR99-84.fa	17	5	12	1	16	0.416667	0.083333	2717372	2717372
ARL04-506.fa	0	0	0	0	0	0.000000	0.000000	2717372	2717372
ARL08-192.fa	206	140	66	2	51450	2.121212	0.030303	2717372	2681276
EF13-2-12.fa	2	0	2	0	0	0.000000	0.000000	2717372	2717372
EF13-4-31.fa	3	0	3	0	0	0.000000	0.000000	2717372	2717372
IV12.fa	0	0	0	0	870	0.000000	0.000000	2717372	2716501
IV18.fa	22	0	22	0	0	0.000000	0.000000	2717372	2717372
IV22.fa	38	0	38	0	36095	0.000000	0.000000	2717372	2681276
IV23.fa	450	418	32	1	36095	13.062500	0.031250	2717372	2717372
IV30.fa	0	0	0	0	36095	0.000000	0.000000	2717372	2681276
TV102.fa	2	0	2	0	0	0.000000	0.000000	2717372	2717372
TV105.fa	5	0	5	0	0	0.000000	0.000000	2717372	2717372
TV13.fa	2	0	2	0	0	0.000000	0.000000	2717372	2717372
TV154.fa	0	0	0	0	0	0.000000	0.000000	2717372	2717372
TV163.fa	5	0	5	0	0	0.000000	0.000000	2717372	2717372
TV19.fa	5	0	5	0	0	0.000000	0.000000	2717372	2717372
TV2.fa	2	0	2	0	0	0.000000	0.000000	2717372	2717372
TV28.fa	9	0	9	0	0	0.000000	0.000000	2717372	2717372
TV29.fa	0	0	0	0	0	0.000000	0.000000	2717372	2717372
TV3.fa	20	0	20	0	0	0.000000	0.000000	2717372	2717372
TV30.fa	14	0	14	0	0	0.000000	0.000000	2717372	2717372
TV32.fa	2	0	2	0	0	0.000000	0.000000	2717372	2717372
TV33.fa	0	0	0	0	0	0.000000	0.000000	2717372	2717372
TV46.fa	31	19	12	1	6815	1.583333	0.083333	2717372	2710556
TV5.fa	6	0	6	0	0	0.000000	0.000000	2717372	2717372
TV7.fa	21	0	21	0	0	0.000000	0.000000	2717372	2717372
TV70.fa	0	0	0	0	6815	0.000000	0.000000	2717372	2710556
TV9.fa	11	0	11	0	0	0.000000	0.000000	2717372	2717372
VV10.fa	0	0	0	0	36095	0.000000	0.000000	2717372	2681276
VV14.fa	28	10	18	1	36095	0.555556	0.055556	2717372	2681276
VV5.fa	56	16	40	1	36095	0.400000	0.025000	2717372	2681276
VV8.fa	14	0	14	0	36095	0.000000	0.000000	2717372	2681276
VV9.fa	115	77	38	3	54500	2.026316	0.078947	2717372	2681276
internal_107	1	0	1	0	0	0.000000	0.000000	2717372	2717372
internal_112	12	0	12	0	0	0.000000	0.000000	2717372	2717372
internal_121	6	0	6	0	36095	0.000000	0.000000	2717372	2681276
internal_120	7	0	7	0	36095	0.000000	0.000000	2717372	2681276
internal_122	47	33	14	1	36095	2.357143	0.071429	2717372	2681276
internal_119	13	0	13	0	36095	0.000000	0.000000	2717372	2681276
internal_124	7	0	7	0	36095	0.000000	0.000000	2717372	2681276
internal_123	2	0	2	0	36095	0.000000	0.000000	2717372	2681276
internal_118	548	525	23	1	36095	22.826086	0.043478	2717372	2716501
internal_117	45	0	45	0	870	0.000000	0.000000	2717372	2716501
internal_126	0	0	0	0	870	0.000000	0.000000	2717372	2716501
internal_125	15	0	15	0	870	0.000000	0.000000	2717372	2716501
internal_116	42	35	7	1	870	5.000000	0.142857	2717372	2717372
internal_130	4	0	4	0	0	0.000000	0.000000	2717372	2717372
internal_133	18	9	9	1	36095	1.000000	0.111111	2717372	2681276
internal_134	3	0	3	0	36095	0.000000	0.000000	2717372	2681276
internal_132	4	0	4	0	36095	0.000000	0.000000	2717372	2681276
internal_131	544	514	30	1	36095	17.133333	0.033333	2717372	2717372
internal_129	5	0	5	0	0	0.000000	0.000000	2717372	2717372
internal_137	8	0	8	0	0	0.000000	0.000000	2717372	2717372
internal_136	11	0	11	0	0	0.000000	0.000000	2717372	2717372
internal_143	5	0	5	0	0	0.000000	0.000000	2717372	2717372
internal_142	4	0	4	0	0	0.000000	0.000000	2717372	2717372
internal_147	4	0	4	0	0	0.000000	0.000000	2717372	2717372
internal_146	2	0	2	0	0	0.000000	0.000000	2717372	2717372
internal_148	2	0	2	0	0	0.000000	0.000000	2717372	2717372
internal_145	0	0	0	0	0	0.000000	0.000000	2717372	2717372
internal_144	0	0	0	0	0	0.000000	0.000000	2717372	2717372
internal_141	1	0	1	0	0	0.000000	0.000000	2717372	2717372
internal_140	7	0	7	0	0	0.000000	0.000000	2717372	2717372
internal_151	1	0	1	0	0	0.000000	0.000000	2717372	2717372
internal_150	6	0	6	0	0	0.000000	0.000000	2717372	2717372
internal_152	125	110	15	1	6815	7.333333	0.066667	2717372	2717372
internal_149	1	0	1	0	0	0.000000	0.000000	2717372	2717372
internal_139	0	0	0	0	0	0.000000	0.000000	2717372	2717372
internal_138	0	0	0	0	0	0.000000	0.000000	2717372	2717372
internal_135	2	0	2	0	0	0.000000	0.000000	2717372	2717372
internal_128	0	0	0	0	0	0.000000	0.000000	2717372	2717372
internal_127	0	0	0	0	0	0.000000	0.000000	2717372	2717372
internal_115	1	0	1	0	0	0.000000	0.000000	2717372	2717372
internal_158	5	0	5	0	0	0.000000	0.000000	2717372	2717372
internal_161	2	0	2	0	0	0.000000	0.000000	2717372	2717372
internal_166	3	0	3	0	0	0.000000	0.000000	2717372	2717372
internal_167	0	0	0	0	0	0.000000	0.000000	2717372	2717372
internal_165	0	0	0	0	0	0.000000	0.000000	2717372	2717372
internal_164	1	0	1	0	0	0.000000	0.000000	2717372	2717372
internal_168	0	0	0	0	0	0.000000	0.000000	2717372	2717372
internal_163	0	0	0	0	0	0.000000	0.000000	2717372	2717372
internal_177	1	0	1	0	0	0.000000	0.000000	2717372	2717372
internal_176	0	0	0	0	0	0.000000	0.000000	2717372	2717372
internal_175	0	0	0	0	0	0.000000	0.000000	2717372	2717372
internal_174	0	0	0	0	0	0.000000	0.000000	2717372	2717372
internal_173	0	0	0	0	0	0.000000	0.000000	2717372	2717372
internal_172	1	0	1	0	0	0.000000	0.000000	2717372	2717372
internal_179	1	0	1	0	0	0.000000	0.000000	2717372	2717372
internal_182	2	0	2	0	0	0.000000	0.000000	2717372	2717372
internal_183	1	0	1	0	0	0.000000	0.000000	2717372	2717372
internal_181	0	0	0	0	0	0.000000	0.000000	2717372	2717372
internal_180	0	0	0	0	0	0.000000	0.000000	2717372	2717372
internal_178	0	0	0	0	0	0.000000	0.000000	2717372	2717372
internal_171	1	0	1	0	0	0.000000	0.000000	2717372	2717372
internal_184	1	0	1	0	0	0.000000	0.000000	2717372	2717372
internal_170	0	0	0	0	0	0.000000	0.000000	2717372	2717372
internal_169	0	0	0	0	0	0.000000	0.000000	2717372	2717372
internal_162	0	0	0	0	0	0.000000	0.000000	2717372	2717372
internal_160	0	0	0	0	0	0.000000	0.000000	2717372	2717372
internal_159	0	0	0	0	0	0.000000	0.000000	2717372	2717372
internal_157	9	0	9	0	0	0.000000	0.000000	2717372	2717372
internal_187	4	0	4	0	0	0.000000	0.000000	2717372	2717372
internal_186	0	0	0	0	0	0.000000	0.000000	2717372	2717372
internal_195	0	0	0	0	0	0.000000	0.000000	2717372	2717372
internal_194	0	0	0	0	0	0.000000	0.000000	2717372	2717372
internal_193	0	0	0	0	0	0.000000	0.000000	2717372	2717372
internal_197	2	0	2	0	0	0.000000	0.000000	2717372	2717372
internal_198	1	0	1	0	0	0.000000	0.000000	2717372	2717372
internal_196	0	0	0	0	0	0.000000	0.000000	2717372	2717372
internal_192	0	0	0	0	0	0.000000	0.000000	2717372	2717372
internal_191	0	0	0	0	0	0.000000	0.000000	2717372	2717372
internal_190	1	0	1	0	0	0.000000	0.000000	2717372	2717372
internal_189	0	0	0	0	0	0.000000	0.000000	2717372	2717372
internal_188	14	0	14	0	0	0.000000	0.000000	2717372	2717372
internal_185	7	0	7	0	0	0.000000	0.000000	2717372	2717372
internal_156	2	0	2	0	0	0.000000	0.000000	2717372	2717372
internal_155	9	0	9	0	0	0.000000	0.000000	2717372	2717372
internal_154	1	0	1	0	0	0.000000	0.000000	2717372	2717372
internal_153	4	0	4	0	0	0.000000	0.000000	2717372	2717372
internal_114	0	0	0	0	0	0.000000	0.000000	2717372	2717372
internal_113	0	0	0	0	0	0.000000	0.000000	2717372	2717372
internal_111	5	0	5	0	0	0.000000	0.000000	2717372	2717372
internal_110	0	0	0	0	0	0.000000	0.000000	2717372	2717372
internal_206	1	0	1	0	0	0.000000	0.000000	2717372	2717372
internal_105	1	0	1	0	0	0.000000	0.000000	2717372	2717372
internal_205	0	0	0	0	0	0.000000	0.000000	2717372	2717372
internal_204	0	0	0	0	0	0.000000	0.000000	2717372	2717372
internal_203	0	0	0	0	0	0.000000	0.000000	2717372	2717372
internal_202	0	0	0	0	0	0.000000	0.000000	2717372	2717372
internal_201	0	0	0	0	0	0.000000	0.000000	2717372	2717372
internal_200	0	0	0	0	0	0.000000	0.000000	2717372	2717372
internal_199	1	0	1	0	0	0.000000	0.000000	2717372	2717372
internal_109	5	0	5	0	0	0.000000	0.000000	2717372	2717372
internal_108	2	0	2	0	0	0.000000	0.000000	2717372	2717372
internal_106	14	0	14	0	0	0.000000	0.000000	2717372	2717372
internal_ROOT	0	0	0	0	0	0.000000	0.000000	2717372	2717372
