snp-dists 0.2	ref.fa	10-1-01.fa	10-1-02.fa	10-1-04.fa	10-1-05.fa	10-1-09.fa	10-1A.fa	10-2-12.fa	10-2-17.fa	10-6-41.fa	10-6-46.fa	10-6-50.fa	10-6A.fa	11-3A.fa	11-7A.fa	12-03-20.fa	12-1VP.fa	12-3-27.fa	12-7-68.fa	12-8-01.fa	13-06-51.fa	13-1-05.fa	13-1-06.fa	13-1-07.fa	13-1-08.fa	13-1-09.fa	13-1-10.fa	13-10-96.fa	13-10-98.fa	13-1VP.fa	13-2-13.fa	13-2-16.fa	13-2-17.fa	13-2-19.fa	13-2VP.fa	13-4-32.fa	13-4-33.fa	13-4-35.fa	13-4VP.fa	13-5-45.fa	13-7-61.fa	13-8-72.fa	13-9-85.fa	13-9-86.fa	13-9-88.fa	5A-1.fa	5A-12.fa	5A-13.fa	5A-15.fa	5A-16.fa	5A-18.fa	5A-19.fa	5A-2.fa	5A-20.fa	5A-4.fa	5A-5.fa	5A-6.fa	5A-7.fa	5A-8.fa	5A-9.fa	5D-62.fa	AR00-128.fa	AR00-36.fa	AR01-1155.fa	AR01-673.fa	AR01-802.fa	AR01-912.fa	AR96-360.fa	AR99-1024.fa	AR99-1107.fa	AR99-190.fa	AR99-84.fa	ARL04-506.fa	ARL08-192.fa	EF13-2-12.fa	EF13-4-31.fa	IV12.fa	IV18.fa	IV22.fa	IV23.fa	IV30.fa	TV102.fa	TV105.fa	TV13.fa	TV154.fa	TV163.fa	TV19.fa	TV2.fa	TV28.fa	TV29.fa	TV3.fa	TV30.fa	TV32.fa	TV33.fa	TV46.fa	TV5.fa	TV7.fa	TV70.fa	TV9.fa	VV10.fa	VV14.fa	VV5.fa	VV8.fa	VV9.fa
ref.fa	0	45	46	47	46	46	47	44	46	47	47	46	46	41	44	64	37	57	59	57	41	45	46	45	45	46	45	45	46	46	43	44	47	43	44	45	43	45	44	46	49	42	45	45	44	24	31	25	24	21	25	26	23	30	22	24	25	30	24	24	22	30	29	53	34	34	61	37	29	69	35	32	42	87	45	45	45	50	92	54	74	45	48	41	35	38	38	37	42	37	42	40	45	36	36	41	41	42	42	64	77	86	78	86
10-1-01.fa	45	0	1	2	1	1	2	5	1	2	2	1	1	20	17	61	34	54	56	54	20	20	19	18	18	19	18	18	19	19	16	17	20	16	17	18	16	18	17	19	22	21	18	18	17	27	34	28	27	30	28	29	26	33	31	27	28	33	27	27	31	27	26	28	31	31	58	34	18	66	32	29	39	83	18	18	42	47	89	57	71	16	19	38	30	33	35	34	39	34	37	43	16	39	33	38	38	39	45	61	74	82	75	89
10-1-02.fa	46	1	0	3	2	2	3	6	2	3	3	2	2	21	18	62	35	55	57	55	21	21	20	19	19	20	19	19	20	20	17	18	21	17	18	19	17	19	18	20	23	22	19	19	18	28	35	29	28	31	29	30	27	34	32	28	29	34	28	28	32	28	27	29	32	32	59	35	19	67	33	30	40	84	19	19	43	48	90	58	72	17	20	39	31	34	36	35	40	35	38	44	17	40	34	39	39	40	46	62	75	83	76	90
10-1-04.fa	47	2	3	0	1	1	2	5	1	2	2	1	1	22	19	63	36	56	58	56	22	22	21	20	20	21	20	20	21	21	18	19	22	18	19	20	18	20	19	21	24	23	20	20	19	29	36	30	29	32	30	31	28	35	33	29	30	35	29	29	33	29	28	30	33	33	60	36	20	68	34	31	41	85	20	20	44	49	91	59	73	18	21	40	32	35	37	36	41	36	39	45	18	41	35	40	40	41	47	63	76	84	77	91
10-1-05.fa	46	1	2	1	0	0	1	4	0	1	1	0	0	21	18	62	35	55	57	55	21	21	20	19	19	20	19	19	20	20	17	18	21	17	18	19	17	19	18	20	23	22	19	19	18	28	35	29	28	31	29	30	27	34	32	28	29	34	28	28	32	28	27	29	32	32	59	35	19	67	33	30	40	84	19	19	43	48	90	58	72	17	20	39	31	34	36	35	40	35	38	44	17	40	34	39	39	40	46	62	75	83	76	90
10-1-09.fa	46	1	2	1	0	0	1	4	0	1	1	0	0	21	18	62	35	55	57	55	21	21	20	19	19	20	19	19	20	20	17	18	21	17	18	19	17	19	18	20	23	22	19	19	18	28	35	29	28	31	29	30	27	34	32	28	29	34	28	28	32	28	27	29	32	32	59	35	19	67	33	30	40	84	19	19	43	48	90	58	72	17	20	39	31	34	36	35	40	35	38	44	17	40	34	39	39	40	46	62	75	83	76	90
10-1A.fa	47	2	3	2	1	1	0	5	1	2	2	1	1	22	19	63	36	56	58	56	22	22	21	20	20	21	20	20	21	21	18	19	22	18	19	20	18	20	19	21	24	23	20	20	19	29	36	30	29	32	30	31	28	35	33	29	30	35	29	29	33	29	28	30	33	33	60	36	20	68	34	31	41	85	20	20	44	49	91	59	73	18	21	40	32	35	37	36	41	36	39	45	18	41	35	40	40	41	47	63	76	84	77	91
10-2-12.fa	44	5	6	5	4	4	5	0	4	5	5	4	4	25	22	66	39	59	61	59	19	25	24	23	23	24	23	23	24	24	21	22	25	21	22	23	21	23	22	24	27	26	23	23	22	32	39	33	32	35	33	34	31	38	36	32	33	38	32	32	36	32	31	33	36	36	63	39	23	71	37	34	44	88	23	23	47	52	94	62	76	21	24	43	35	38	40	39	44	39	42	48	21	44	38	43	43	44	50	66	79	87	80	88
10-2-17.fa	46	1	2	1	0	0	1	4	0	1	1	0	0	21	18	62	35	55	57	55	21	21	20	19	19	20	19	19	20	20	17	18	21	17	18	19	17	19	18	20	23	22	19	19	18	28	35	29	28	31	29	30	27	34	32	28	29	34	28	28	32	28	27	29	32	32	59	35	19	67	33	30	40	84	19	19	43	48	90	58	72	17	20	39	31	34	36	35	40	35	38	44	17	40	34	39	39	40	46	62	75	83	76	90
10-6-41.fa	47	2	3	2	1	1	2	5	1	0	2	1	1	22	19	63	36	56	58	56	22	22	21	20	20	21	20	20	21	21	18	19	22	18	19	20	18	20	19	21	24	23	20	20	19	29	36	30	29	32	30	31	28	35	33	29	30	35	29	29	33	29	28	30	33	33	60	36	20	68	34	31	41	85	20	20	44	49	91	59	73	18	21	40	32	35	37	36	41	36	39	45	18	41	35	40	40	41	47	63	76	84	77	91
10-6-46.fa	47	2	3	2	1	1	2	5	1	2	0	1	1	22	19	63	36	56	58	56	22	22	21	20	20	21	20	20	21	21	18	19	22	18	19	20	18	20	19	21	24	23	20	20	19	29	36	30	29	32	30	31	28	35	33	29	30	35	29	29	33	29	28	30	33	33	60	36	20	68	34	31	41	85	20	20	44	49	91	59	73	18	21	40	32	35	37	36	41	36	39	45	18	41	35	40	40	41	47	63	76	84	77	91
10-6-50.fa	46	1	2	1	0	0	1	4	0	1	1	0	0	21	18	62	35	55	57	55	21	21	20	19	19	20	19	19	20	20	17	18	21	17	18	19	17	19	18	20	23	22	19	19	18	28	35	29	28	31	29	30	27	34	32	28	29	34	28	28	32	28	27	29	32	32	59	35	19	67	33	30	40	84	19	19	43	48	90	58	72	17	20	39	31	34	36	35	40	35	38	44	17	40	34	39	39	40	46	62	75	83	76	90
10-6A.fa	46	1	2	1	0	0	1	4	0	1	1	0	0	21	18	62	35	55	57	55	21	21	20	19	19	20	19	19	20	20	17	18	21	17	18	19	17	19	18	20	23	22	19	19	18	28	35	29	28	31	29	30	27	34	32	28	29	34	28	28	32	28	27	29	32	32	59	35	19	67	33	30	40	84	19	19	43	48	90	58	72	17	20	39	31	34	36	35	40	35	38	44	17	40	34	39	39	40	46	62	75	83	76	90
11-3A.fa	41	20	21	22	21	21	22	25	21	22	22	21	21	0	3	63	36	56	58	56	8	8	7	6	6	7	6	6	9	7	4	5	10	4	3	6	4	6	5	7	10	3	6	6	5	29	36	30	29	26	30	31	28	35	27	29	30	35	29	29	27	29	28	30	33	33	60	36	20	68	34	31	41	85	6	6	44	49	91	53	73	22	25	40	32	35	37	36	41	36	39	39	22	35	35	40	40	41	41	63	76	84	77	91
11-7A.fa	44	17	18	19	18	18	19	22	18	19	19	18	18	3	0	60	33	53	55	53	5	5	4	3	3	4	3	3	6	4	1	2	7	1	0	3	1	3	2	4	7	6	3	3	2	26	33	27	26	29	27	28	25	32	30	26	27	32	26	26	30	26	25	27	30	30	57	33	17	65	31	28	38	82	3	3	41	46	88	56	70	19	22	37	29	32	34	33	38	33	36	42	19	38	32	37	37	38	44	60	73	81	74	88
12-03-20.fa	64	61	62	63	62	62	63	66	62	63	63	62	62	63	60	0	47	9	9	9	63	61	61	61	61	62	61	61	62	62	59	60	63	59	60	61	59	61	60	62	65	64	61	61	60	46	53	47	46	49	47	48	45	52	50	46	47	52	46	46	50	44	45	69	48	44	73	49	45	85	47	47	56	73	61	61	61	64	104	70	86	61	64	55	49	52	52	51	56	51	56	60	61	56	48	55	55	54	62	76	89	98	90	104
12-1VP.fa	37	34	35	36	35	35	36	39	35	36	36	35	35	36	33	47	0	40	42	40	36	34	35	34	34	35	34	34	35	35	32	33	36	32	33	34	32	34	33	35	38	37	34	34	33	19	26	20	19	22	20	21	18	25	23	19	20	25	19	19	23	17	18	42	21	11	50	26	18	58	24	21	29	70	34	34	34	37	81	47	63	34	37	28	22	25	25	24	29	24	29	33	34	29	23	28	28	29	35	53	66	75	67	81
12-3-27.fa	57	54	55	56	55	55	56	59	55	56	56	55	55	56	53	9	40	0	4	2	56	54	54	54	54	55	54	54	55	55	52	53	56	52	53	54	52	54	53	55	58	57	54	54	53	39	46	40	39	42	40	41	38	45	43	39	40	45	39	39	43	37	38	62	41	37	66	42	38	78	40	40	49	66	54	54	54	57	97	63	79	54	57	48	42	45	45	44	49	44	49	53	54	49	41	48	48	47	55	69	82	91	83	97
12-7-68.fa	59	56	57	58	57	57	58	61	57	58	58	57	57	58	55	9	42	4	0	4	58	56	56	56	56	57	56	56	57	57	54	55	58	54	55	56	54	56	55	57	60	59	56	56	55	41	48	42	41	44	42	43	40	47	45	41	42	47	41	41	45	39	40	64	43	39	68	44	40	80	42	42	51	68	56	56	56	59	99	65	81	56	59	50	44	47	47	46	51	46	51	55	56	51	43	50	50	49	57	71	84	93	85	99
12-8-01.fa	57	54	55	56	55	55	56	59	55	56	56	55	55	56	53	9	40	2	4	0	56	54	54	54	54	55	54	54	55	55	52	53	56	52	53	54	52	54	53	55	58	57	54	54	53	39	46	40	39	42	40	41	38	45	43	39	40	45	39	39	43	37	38	62	41	37	66	42	38	78	40	40	49	66	54	54	54	57	97	63	79	54	57	48	42	45	45	44	49	44	49	53	54	49	41	48	48	47	55	69	82	91	83	97
13-06-51.fa	41	20	21	22	21	21	22	19	21	22	22	21	21	8	5	63	36	56	58	56	0	6	5	4	4	5	4	4	9	5	4	5	10	4	5	6	4	6	5	5	8	9	4	4	3	29	36	30	29	32	30	31	28	35	33	29	30	35	29	29	33	29	28	30	33	33	60	36	20	68	34	31	41	85	6	6	44	49	91	59	73	22	25	40	32	35	37	36	41	36	39	45	22	41	35	40	40	41	47	63	76	84	77	85
13-1-05.fa	45	20	21	22	21	21	22	25	21	22	22	21	21	8	5	61	34	54	56	54	6	0	3	2	2	3	2	4	9	3	4	5	10	4	5	6	4	6	5	5	8	9	4	4	3	27	34	28	27	30	28	29	26	33	31	27	28	33	27	27	31	27	26	30	31	31	58	34	18	66	32	29	39	83	6	6	42	47	89	57	71	22	25	38	30	33	35	34	39	34	37	43	22	39	33	38	38	39	45	61	74	82	75	89
13-1-06.fa	46	19	20	21	20	20	21	24	20	21	21	20	20	7	4	61	35	54	56	54	5	3	0	1	1	2	1	3	8	2	3	4	9	3	4	5	3	5	4	4	7	8	3	3	2	28	35	29	28	31	29	30	27	34	32	28	29	34	28	28	32	28	27	29	32	32	58	34	19	67	32	30	40	83	5	5	43	48	89	57	71	21	24	39	31	34	36	35	40	35	38	44	21	40	33	39	39	39	46	61	74	82	75	89
13-1-07.fa	45	18	19	20	19	19	20	23	19	20	20	19	19	6	3	61	34	54	56	54	4	2	1	0	0	1	0	2	7	1	2	3	8	2	3	4	2	4	3	3	6	7	2	2	1	27	34	28	27	30	28	29	26	33	31	27	28	33	27	27	31	27	26	28	31	31	58	34	18	66	32	29	39	83	4	4	42	47	89	57	71	20	23	38	30	33	35	34	39	34	37	43	20	39	33	38	38	39	45	61	74	82	75	89
13-1-08.fa	45	18	19	20	19	19	20	23	19	20	20	19	19	6	3	61	34	54	56	54	4	2	1	0	0	1	0	2	7	1	2	3	8	2	3	4	2	4	3	3	6	7	2	2	1	27	34	28	27	30	28	29	26	33	31	27	28	33	27	27	31	27	26	28	31	31	58	34	18	66	32	29	39	83	4	4	42	47	89	57	71	20	23	38	30	33	35	34	39	34	37	43	20	39	33	38	38	39	45	61	74	82	75	89
13-1-09.fa	46	19	20	21	20	20	21	24	20	21	21	20	20	7	4	62	35	55	57	55	5	3	2	1	1	0	1	3	8	2	3	4	9	3	4	5	3	5	4	4	7	8	3	3	2	28	35	29	28	31	29	30	27	34	32	28	29	34	28	28	32	28	27	29	32	32	59	35	19	67	33	30	40	84	5	5	43	48	90	58	72	21	24	39	31	34	36	35	40	35	38	44	21	40	34	39	39	40	46	62	75	83	76	90
13-1-10.fa	45	18	19	20	19	19	20	23	19	20	20	19	19	6	3	61	34	54	56	54	4	2	1	0	0	1	0	2	7	1	2	3	8	2	3	4	2	4	3	3	6	7	2	2	1	27	34	28	27	30	28	29	26	33	31	27	28	33	27	27	31	27	26	28	31	31	58	34	18	66	32	29	39	83	4	4	42	47	89	57	71	20	23	38	30	33	35	34	39	34	37	43	20	39	33	38	38	39	45	61	74	82	75	89
13-10-96.fa	45	18	19	20	19	19	20	23	19	20	20	19	19	6	3	61	34	54	56	54	4	4	3	2	2	3	2	0	7	3	2	3	8	2	3	4	2	4	3	3	6	7	2	2	1	27	34	28	27	30	28	29	26	33	31	27	28	33	27	27	31	27	26	28	31	31	58	34	18	66	32	29	39	83	4	4	42	47	89	57	71	20	23	38	30	33	35	34	39	34	37	43	20	39	33	38	38	39	45	61	74	82	75	89
13-10-98.fa	46	19	20	21	20	20	21	24	20	21	21	20	20	9	6	62	35	55	57	55	9	9	8	7	7	8	7	7	0	8	5	6	5	5	6	7	5	7	6	8	11	10	7	7	6	28	35	29	28	31	29	30	27	34	32	28	29	34	28	28	32	28	27	29	32	32	59	35	19	67	33	30	40	84	7	7	43	48	90	58	72	21	24	39	31	34	36	35	40	35	38	44	21	40	34	39	39	40	46	62	75	83	76	90
13-1VP.fa	46	19	20	21	20	20	21	24	20	21	21	20	20	7	4	62	35	55	57	55	5	3	2	1	1	2	1	3	8	0	3	4	9	3	4	5	3	5	4	4	7	8	3	3	2	28	35	29	28	31	29	30	27	34	32	28	29	34	28	28	32	28	27	29	32	32	59	35	19	67	33	30	40	84	5	5	43	48	90	58	72	21	24	39	31	34	36	35	40	35	38	44	21	40	34	39	39	40	46	62	75	83	76	90
13-2-13.fa	43	16	17	18	17	17	18	21	17	18	18	17	17	4	1	59	32	52	54	52	4	4	3	2	2	3	2	2	5	3	0	1	6	0	1	2	0	2	1	3	6	5	2	2	1	25	32	26	25	28	26	27	24	31	29	25	26	31	25	25	29	25	24	26	29	29	56	32	16	64	30	27	37	81	2	2	40	45	87	55	69	18	21	36	28	31	33	32	37	32	35	41	18	37	31	36	36	37	43	59	72	80	73	87
13-2-16.fa	44	17	18	19	18	18	19	22	18	19	19	18	18	5	2	60	33	53	55	53	5	5	4	3	3	4	3	3	6	4	1	0	7	1	2	3	1	3	2	4	7	6	3	3	2	26	33	27	26	29	27	28	25	32	30	26	27	32	26	26	30	26	25	27	30	30	57	33	17	65	31	28	38	82	3	3	41	46	88	56	70	19	22	37	29	32	34	33	38	33	36	42	19	38	32	37	37	38	44	60	73	81	74	88
13-2-17.fa	47	20	21	22	21	21	22	25	21	22	22	21	21	10	7	63	36	56	58	56	10	10	9	8	8	9	8	8	5	9	6	7	0	6	7	8	6	8	7	9	12	11	8	8	7	29	36	30	29	32	30	31	28	35	33	29	30	35	29	29	33	29	28	30	33	33	60	36	20	68	34	31	41	85	8	8	44	49	91	59	73	22	25	40	32	35	37	36	41	36	39	45	22	41	35	40	40	41	47	63	76	84	77	91
13-2-19.fa	43	16	17	18	17	17	18	21	17	18	18	17	17	4	1	59	32	52	54	52	4	4	3	2	2	3	2	2	5	3	0	1	6	0	1	2	0	2	1	3	6	5	2	2	1	25	32	26	25	28	26	27	24	31	29	25	26	31	25	25	29	25	24	26	29	29	56	32	16	64	30	27	37	81	2	2	40	45	87	55	69	18	21	36	28	31	33	32	37	32	35	41	18	37	31	36	36	37	43	59	72	80	73	87
13-2VP.fa	44	17	18	19	18	18	19	22	18	19	19	18	18	3	0	60	33	53	55	53	5	5	4	3	3	4	3	3	6	4	1	2	7	1	0	3	1	3	2	4	7	6	3	3	2	26	33	27	26	29	27	28	25	32	30	26	27	32	26	26	30	26	25	27	30	30	57	33	17	65	31	28	38	82	3	3	41	46	88	56	70	19	22	37	29	32	34	33	38	33	36	42	19	38	32	37	37	38	44	60	73	81	74	88
13-4-32.fa	45	18	19	20	19	19	20	23	19	20	20	19	19	6	3	61	34	54	56	54	6	6	5	4	4	5	4	4	7	5	2	3	8	2	3	0	2	4	3	5	8	7	4	4	3	27	34	28	27	30	28	29	26	33	31	27	28	33	27	27	31	27	26	28	31	31	58	34	18	66	32	29	39	83	4	4	42	47	89	57	71	20	23	38	30	33	35	34	39	34	37	43	20	39	33	38	38	39	45	61	74	82	75	89
13-4-33.fa	43	16	17	18	17	17	18	21	17	18	18	17	17	4	1	59	32	52	54	52	4	4	3	2	2	3	2	2	5	3	0	1	6	0	1	2	0	2	1	3	6	5	2	2	1	25	32	26	25	28	26	27	24	31	29	25	26	31	25	25	29	25	24	26	29	29	56	32	16	64	30	27	37	81	2	2	40	45	87	55	69	18	21	36	28	31	33	32	37	32	35	41	18	37	31	36	36	37	43	59	72	80	73	87
13-4-35.fa	45	18	19	20	19	19	20	23	19	20	20	19	19	6	3	61	34	54	56	54	6	6	5	4	4	5	4	4	7	5	2	3	8	2	3	4	2	0	3	5	8	7	4	4	3	27	34	28	27	30	28	29	26	33	31	27	28	33	27	27	31	27	26	28	31	31	58	34	18	66	32	29	39	83	4	4	42	47	89	57	71	20	23	38	30	33	35	34	39	34	37	43	20	39	33	38	38	39	45	61	74	82	75	89
13-4VP.fa	44	17	18	19	18	18	19	22	18	19	19	18	18	5	2	60	33	53	55	53	5	5	4	3	3	4	3	3	6	4	1	2	7	1	2	3	1	3	0	4	7	6	3	3	2	26	33	27	26	29	27	28	25	32	30	26	27	32	26	26	30	26	25	27	30	30	57	33	17	65	31	28	38	82	3	3	41	46	88	56	70	19	22	37	29	32	34	33	38	33	36	42	19	38	32	37	37	38	44	60	73	81	74	88
13-5-45.fa	46	19	20	21	20	20	21	24	20	21	21	20	20	7	4	62	35	55	57	55	5	5	4	3	3	4	3	3	8	4	3	4	9	3	4	5	3	5	4	0	7	8	3	3	2	28	35	29	28	31	29	30	27	34	32	28	29	34	28	28	32	28	27	29	32	32	59	35	19	67	33	30	40	84	5	5	43	48	90	58	72	21	24	39	31	34	36	35	40	35	38	44	21	40	34	39	39	40	46	62	75	83	76	90
13-7-61.fa	49	22	23	24	23	23	24	27	23	24	24	23	23	10	7	65	38	58	60	58	8	8	7	6	6	7	6	6	11	7	6	7	12	6	7	8	6	8	7	7	0	11	6	6	5	31	38	32	31	34	32	33	30	37	35	31	32	37	31	31	35	31	30	32	35	35	62	38	22	70	36	33	43	87	8	8	46	51	93	61	75	24	27	42	34	37	39	38	43	38	41	47	24	43	37	42	42	43	49	65	78	86	79	93
13-8-72.fa	42	21	22	23	22	22	23	26	22	23	23	22	22	3	6	64	37	57	59	57	9	9	8	7	7	8	7	7	10	8	5	6	11	5	6	7	5	7	6	8	11	0	7	7	6	30	37	31	30	27	31	32	29	36	28	30	31	36	30	30	28	30	29	31	34	34	61	37	21	69	35	32	42	86	7	7	45	50	92	54	74	23	26	41	33	36	38	37	42	37	40	40	23	36	36	41	41	42	42	64	77	85	78	92
13-9-85.fa	45	18	19	20	19	19	20	23	19	20	20	19	19	6	3	61	34	54	56	54	4	4	3	2	2	3	2	2	7	3	2	3	8	2	3	4	2	4	3	3	6	7	0	0	1	27	34	28	27	30	28	29	26	33	31	27	28	33	27	27	31	27	26	28	31	31	58	34	18	66	32	29	39	83	4	4	42	47	89	57	71	20	23	38	30	33	35	34	39	34	37	43	20	39	33	38	38	39	45	61	74	82	75	89
13-9-86.fa	45	18	19	20	19	19	20	23	19	20	20	19	19	6	3	61	34	54	56	54	4	4	3	2	2	3	2	2	7	3	2	3	8	2	3	4	2	4	3	3	6	7	0	0	1	27	34	28	27	30	28	29	26	33	31	27	28	33	27	27	31	27	26	28	31	31	58	34	18	66	32	29	39	83	4	4	42	47	89	57	71	20	23	38	30	33	35	34	39	34	37	43	20	39	33	38	38	39	45	61	74	82	75	89
13-9-88.fa	44	17	18	19	18	18	19	22	18	19	19	18	18	5	2	60	33	53	55	53	3	3	2	1	1	2	1	1	6	2	1	2	7	1	2	3	1	3	2	2	5	6	1	1	0	26	33	27	26	29	27	28	25	32	30	26	27	32	26	26	30	26	25	27	30	30	57	33	17	65	31	28	38	82	3	3	41	46	88	56	70	19	22	37	29	32	34	33	38	33	36	42	19	38	32	37	37	38	44	60	73	81	74	88
5A-1.fa	24	27	28	29	28	28	29	32	28	29	29	28	28	29	26	46	19	39	41	39	29	27	28	27	27	28	27	27	28	28	25	26	29	25	26	27	25	27	26	28	31	30	27	27	26	0	13	1	0	3	1	2	1	12	4	0	1	6	0	0	6	12	11	35	16	16	43	19	11	51	17	14	24	69	27	27	27	32	74	42	56	27	30	23	17	20	20	19	24	19	24	28	27	24	18	23	23	24	30	46	59	68	60	74
5A-12.fa	31	34	35	36	35	35	36	39	35	36	36	35	35	36	33	53	26	46	48	46	36	34	35	34	34	35	34	34	35	35	32	33	36	32	33	34	32	34	33	35	38	37	34	34	33	13	0	14	13	16	14	15	12	1	17	13	14	19	13	13	17	19	18	42	23	23	50	26	18	58	24	21	31	76	34	34	34	39	81	49	63	34	37	30	24	27	27	26	31	26	31	35	34	31	25	30	30	31	37	53	66	75	67	80
5A-13.fa	25	28	29	30	29	29	30	33	29	30	30	29	29	30	27	47	20	40	42	40	30	28	29	28	28	29	28	28	29	29	26	27	30	26	27	28	26	28	27	29	32	31	28	28	27	1	14	0	1	4	2	3	2	13	5	1	2	7	1	1	7	13	12	36	17	17	44	20	12	52	18	15	25	70	28	28	28	33	75	43	57	28	31	24	18	21	21	20	25	20	25	29	28	25	19	24	24	25	31	47	60	69	61	75
5A-15.fa	24	27	28	29	28	28	29	32	28	29	29	28	28	29	26	46	19	39	41	39	29	27	28	27	27	28	27	27	28	28	25	26	29	25	26	27	25	27	26	28	31	30	27	27	26	0	13	1	0	3	1	2	1	12	4	0	1	6	0	0	6	12	11	35	16	16	43	19	11	51	17	14	24	69	27	27	27	32	74	42	56	27	30	23	17	20	20	19	24	19	24	28	27	24	18	23	23	24	30	46	59	68	60	74
5A-16.fa	21	30	31	32	31	31	32	35	31	32	32	31	31	26	29	49	22	42	44	42	32	30	31	30	30	31	30	30	31	31	28	29	32	28	29	30	28	30	29	31	34	27	30	30	29	3	16	4	3	0	4	5	4	15	1	3	4	9	3	3	3	15	14	38	19	19	46	22	14	54	20	17	27	72	30	30	30	35	77	39	59	30	33	26	20	23	23	22	27	22	27	25	30	21	21	26	26	27	27	49	62	71	63	77
5A-18.fa	25	28	29	30	29	29	30	33	29	30	30	29	29	30	27	47	20	40	42	40	30	28	29	28	28	29	28	28	29	29	26	27	30	26	27	28	26	28	27	29	32	31	28	28	27	1	14	2	1	4	0	3	2	13	5	1	2	7	1	1	7	13	12	36	17	17	44	20	12	52	18	15	25	70	28	28	28	33	75	43	57	28	31	24	18	21	21	20	25	20	25	29	28	25	19	24	24	25	31	47	60	69	61	75
5A-19.fa	26	29	30	31	30	30	31	34	30	31	31	30	30	31	28	48	21	41	43	41	31	29	30	29	29	30	29	29	30	30	27	28	31	27	28	29	27	29	28	30	33	32	29	29	28	2	15	3	2	5	3	0	3	14	6	2	3	8	2	2	8	14	13	37	18	18	45	21	13	53	19	16	26	71	29	29	29	34	76	44	58	29	32	25	19	22	22	21	26	21	26	30	29	26	20	25	25	26	32	48	61	70	62	76
5A-2.fa	23	26	27	28	27	27	28	31	27	28	28	27	27	28	25	45	18	38	40	38	28	26	27	26	26	27	26	26	27	27	24	25	28	24	25	26	24	26	25	27	30	29	26	26	25	1	12	2	1	4	2	3	0	11	5	1	2	7	1	1	5	11	10	34	15	15	42	18	10	50	16	13	23	68	26	26	26	31	73	41	55	26	29	22	16	19	19	18	23	18	23	27	26	23	17	22	22	23	29	45	58	67	59	73
5A-20.fa	30	33	34	35	34	34	35	38	34	35	35	34	34	35	32	52	25	45	47	45	35	33	34	33	33	34	33	33	34	34	31	32	35	31	32	33	31	33	32	34	37	36	33	33	32	12	1	13	12	15	13	14	11	0	16	12	13	18	12	12	16	18	17	41	22	22	49	25	17	57	23	20	30	75	33	33	33	38	80	48	62	33	36	29	23	26	26	25	30	25	30	34	33	30	24	29	29	30	36	52	65	74	66	79
5A-4.fa	22	31	32	33	32	32	33	36	32	33	33	32	32	27	30	50	23	43	45	43	33	31	32	31	31	32	31	31	32	32	29	30	33	29	30	31	29	31	30	32	35	28	31	31	30	4	17	5	4	1	5	6	5	16	0	4	5	10	4	4	4	16	15	39	20	20	47	23	15	55	21	18	28	73	31	31	31	36	78	40	60	31	34	27	21	24	24	23	28	23	28	26	31	22	22	27	27	28	28	50	63	72	64	78
5A-5.fa	24	27	28	29	28	28	29	32	28	29	29	28	28	29	26	46	19	39	41	39	29	27	28	27	27	28	27	27	28	28	25	26	29	25	26	27	25	27	26	28	31	30	27	27	26	0	13	1	0	3	1	2	1	12	4	0	1	6	0	0	6	12	11	35	16	16	43	19	11	51	17	14	24	69	27	27	27	32	74	42	56	27	30	23	17	20	20	19	24	19	24	28	27	24	18	23	23	24	30	46	59	68	60	74
5A-6.fa	25	28	29	30	29	29	30	33	29	30	30	29	29	30	27	47	20	40	42	40	30	28	29	28	28	29	28	28	29	29	26	27	30	26	27	28	26	28	27	29	32	31	28	28	27	1	14	2	1	4	2	3	2	13	5	1	0	7	1	1	7	13	12	36	17	17	44	20	12	52	18	15	25	70	28	28	28	33	75	43	57	28	31	24	18	21	21	20	25	20	25	29	28	25	19	24	24	25	31	47	60	69	61	75
5A-7.fa	30	33	34	35	34	34	35	38	34	35	35	34	34	35	32	52	25	45	47	45	35	33	34	33	33	34	33	33	34	34	31	32	35	31	32	33	31	33	32	34	37	36	33	33	32	6	19	7	6	9	7	8	7	18	10	6	7	0	6	6	12	18	17	41	22	22	49	25	17	57	23	20	30	75	33	33	33	38	80	48	62	33	36	29	23	26	26	25	30	25	30	34	33	30	24	29	29	30	36	52	65	74	66	80
5A-8.fa	24	27	28	29	28	28	29	32	28	29	29	28	28	29	26	46	19	39	41	39	29	27	28	27	27	28	27	27	28	28	25	26	29	25	26	27	25	27	26	28	31	30	27	27	26	0	13	1	0	3	1	2	1	12	4	0	1	6	0	0	6	12	11	35	16	16	43	19	11	51	17	14	24	69	27	27	27	32	74	42	56	27	30	23	17	20	20	19	24	19	24	28	27	24	18	23	23	24	30	46	59	68	60	74
5A-9.fa	24	27	28	29	28	28	29	32	28	29	29	28	28	29	26	46	19	39	41	39	29	27	28	27	27	28	27	27	28	28	25	26	29	25	26	27	25	27	26	28	31	30	27	27	26	0	13	1	0	3	1	2	1	12	4	0	1	6	0	0	6	12	11	35	16	16	43	19	11	51	17	14	24	69	27	27	27	32	74	42	56	27	30	23	17	20	20	19	24	19	24	28	27	24	18	23	23	24	30	46	59	68	60	74
5D-62.fa	22	31	32	33	32	32	33	36	32	33	33	32	32	27	30	50	23	43	45	43	33	31	32	31	31	32	31	31	32	32	29	30	33	29	30	31	29	31	30	32	35	28	31	31	30	6	17	7	6	3	7	8	5	16	4	6	7	12	6	6	0	16	15	39	20	20	47	23	15	55	21	18	28	73	31	31	31	36	78	40	60	31	34	27	21	24	24	23	28	23	28	26	31	22	22	27	27	28	28	50	63	72	64	78
AR00-128.fa	30	27	28	29	28	28	29	32	28	29	29	28	28	29	26	44	17	37	39	37	29	27	28	27	27	28	27	27	28	28	25	26	29	25	26	27	25	27	26	28	31	30	27	27	26	12	19	13	12	15	13	14	11	18	16	12	13	18	12	12	16	0	11	35	14	14	43	19	11	51	17	14	22	67	27	27	27	30	74	40	56	27	30	21	15	18	18	17	22	17	22	26	27	22	16	21	21	22	28	46	59	68	60	74
AR00-36.fa	29	26	27	28	27	27	28	31	27	28	28	27	27	28	25	45	18	38	40	38	28	26	27	26	26	27	26	26	27	27	24	25	28	24	25	26	24	26	25	27	30	29	26	26	25	11	18	12	11	14	12	13	10	17	15	11	12	17	11	11	15	11	0	34	15	15	42	18	10	50	16	13	23	68	26	26	26	31	73	41	55	26	29	22	16	19	19	18	23	18	23	27	26	23	17	22	22	23	29	45	58	67	59	73
AR01-1155.fa	53	28	29	30	29	29	30	33	29	30	30	29	29	30	27	69	42	62	64	62	30	30	29	28	28	29	28	28	29	29	26	27	30	26	27	28	26	28	27	29	32	31	28	28	27	35	42	36	35	38	36	37	34	41	39	35	36	41	35	35	39	35	34	0	39	39	66	42	26	74	40	37	47	92	28	28	50	55	97	65	79	28	31	46	40	43	43	42	47	42	47	51	28	47	41	46	46	47	53	69	82	91	83	97
AR01-673.fa	34	31	32	33	32	32	33	36	32	33	33	32	32	33	30	48	21	41	43	41	33	31	32	31	31	32	31	31	32	32	29	30	33	29	30	31	29	31	30	32	35	34	31	31	30	16	23	17	16	19	17	18	15	22	20	16	17	22	16	16	20	14	15	39	0	18	47	23	15	55	21	18	26	71	31	31	31	34	78	44	60	31	34	21	15	18	18	17	22	17	22	26	31	22	16	21	21	22	28	50	63	72	64	78
AR01-802.fa	34	31	32	33	32	32	33	36	32	33	33	32	32	33	30	44	11	37	39	37	33	31	32	31	31	32	31	31	32	32	29	30	33	29	30	31	29	31	30	32	35	34	31	31	30	16	23	17	16	19	17	18	15	22	20	16	17	22	16	16	20	14	15	39	18	0	47	23	15	55	21	18	26	67	31	31	31	34	78	44	60	31	34	25	19	22	22	21	26	21	26	30	31	26	20	25	25	26	32	50	63	72	64	78
AR01-912.fa	61	58	59	60	59	59	60	63	59	60	60	59	59	60	57	73	50	66	68	66	60	58	58	58	58	59	58	58	59	59	56	57	60	56	57	58	56	58	57	59	62	61	58	58	57	43	50	44	43	46	44	45	42	49	47	43	44	49	43	43	47	43	42	66	47	47	0	40	42	30	38	44	55	96	58	58	52	63	41	69	25	58	61	54	48	51	51	50	55	50	55	59	58	55	47	54	54	53	61	15	28	37	29	39
AR96-360.fa	37	34	35	36	35	35	36	39	35	36	36	35	35	36	33	49	26	42	44	42	36	34	34	34	34	35	34	34	35	35	32	33	36	32	33	34	32	34	33	35	38	37	34	34	33	19	26	20	19	22	20	21	18	25	23	19	20	25	19	19	23	19	18	42	23	23	40	0	18	52	14	20	31	72	34	34	28	39	71	45	53	34	37	30	24	27	27	26	31	26	31	35	34	31	23	30	30	29	37	43	56	65	57	71
AR99-1024.fa	29	18	19	20	19	19	20	23	19	20	20	19	19	20	17	45	18	38	40	38	20	18	19	18	18	19	18	18	19	19	16	17	20	16	17	18	16	18	17	19	22	21	18	18	17	11	18	12	11	14	12	13	10	17	15	11	12	17	11	11	15	11	10	26	15	15	42	18	0	50	16	13	23	68	18	18	26	31	73	41	55	18	21	22	16	19	19	18	23	18	23	27	18	23	17	22	22	23	29	45	58	67	59	73
AR99-1107.fa	69	66	67	68	67	67	68	71	67	68	68	67	67	68	65	85	58	78	80	78	68	66	67	66	66	67	66	66	67	67	64	65	68	64	65	66	64	66	65	67	70	69	66	66	65	51	58	52	51	54	52	53	50	57	55	51	52	57	51	51	55	51	50	74	55	55	30	52	50	0	50	53	63	108	66	66	60	71	61	81	43	66	69	62	56	59	59	58	63	58	63	67	66	63	57	62	62	63	69	33	46	55	47	61
AR99-190.fa	35	32	33	34	33	33	34	37	33	34	34	33	33	34	31	47	24	40	42	40	34	32	32	32	32	33	32	32	33	33	30	31	34	30	31	32	30	32	31	33	36	35	32	32	31	17	24	18	17	20	18	19	16	23	21	17	18	23	17	17	21	17	16	40	21	21	38	14	16	50	0	18	29	70	32	32	16	37	69	43	51	32	35	28	22	25	25	24	29	24	29	33	32	29	21	28	28	27	35	41	54	63	55	69
AR99-84.fa	32	29	30	31	30	30	31	34	30	31	31	30	30	31	28	47	21	40	42	40	31	29	30	29	29	30	29	29	30	30	27	28	31	27	28	29	27	29	28	30	33	32	29	29	28	14	21	15	14	17	15	16	13	20	18	14	15	20	14	14	18	14	13	37	18	18	44	20	13	53	18	0	26	70	29	29	29	34	75	43	57	29	32	25	19	22	22	21	26	21	26	30	29	26	20	25	25	26	32	47	60	69	61	75
ARL04-506.fa	42	39	40	41	40	40	41	44	40	41	41	40	40	41	38	56	29	49	51	49	41	39	40	39	39	40	39	39	40	40	37	38	41	37	38	39	37	39	38	40	43	42	39	39	38	24	31	25	24	27	25	26	23	30	28	24	25	30	24	24	28	22	23	47	26	26	55	31	23	63	29	26	0	79	39	39	39	30	86	34	68	39	42	33	27	30	30	29	34	29	34	38	39	34	28	33	33	34	40	58	71	80	72	86
ARL08-192.fa	87	83	84	85	84	84	85	88	84	85	85	84	84	85	82	73	70	66	68	66	85	83	83	83	83	84	83	83	84	84	81	82	85	81	82	83	81	83	82	84	87	86	83	83	82	69	76	70	69	72	70	71	68	75	73	69	70	75	69	69	73	67	68	92	71	67	96	72	68	108	70	70	79	0	82	83	84	87	127	93	109	84	87	78	71	74	75	74	79	74	78	82	84	79	71	78	78	77	85	99	112	119	113	123
EF13-2-12.fa	45	18	19	20	19	19	20	23	19	20	20	19	19	6	3	61	34	54	56	54	6	6	5	4	4	5	4	4	7	5	2	3	8	2	3	4	2	4	3	5	8	7	4	4	3	27	34	28	27	30	28	29	26	33	31	27	28	33	27	27	31	27	26	28	31	31	58	34	18	66	32	29	39	82	0	4	42	47	89	57	71	20	23	38	30	33	35	34	39	34	37	43	20	39	33	38	38	39	45	61	74	82	75	88
EF13-4-31.fa	45	18	19	20	19	19	20	23	19	20	20	19	19	6	3	61	34	54	56	54	6	6	5	4	4	5	4	4	7	5	2	3	8	2	3	4	2	4	3	5	8	7	4	4	3	27	34	28	27	30	28	29	26	33	31	27	28	33	27	27	31	27	26	28	31	31	58	34	18	66	32	29	39	83	4	0	42	47	89	57	71	20	23	38	30	33	35	34	39	34	37	43	20	39	33	38	38	39	45	61	74	82	75	89
IV12.fa	45	42	43	44	43	43	44	47	43	44	44	43	43	44	41	61	34	54	56	54	44	42	43	42	42	43	42	42	43	43	40	41	44	40	41	42	40	42	41	43	46	45	42	42	41	27	34	28	27	30	28	29	26	33	31	27	28	33	27	27	31	27	26	50	31	31	52	28	26	60	16	29	39	84	42	42	0	47	83	57	65	42	45	38	32	35	35	34	39	34	39	43	42	39	33	38	38	39	45	55	68	77	69	83
IV18.fa	50	47	48	49	48	48	49	52	48	49	49	48	48	49	46	64	37	57	59	57	49	47	48	47	47	48	47	47	48	48	45	46	49	45	46	47	45	47	46	48	51	50	47	47	46	32	39	33	32	35	33	34	31	38	36	32	33	38	32	32	36	30	31	55	34	34	63	39	31	71	37	34	30	87	47	47	47	0	94	48	76	47	50	41	35	38	38	37	42	37	42	46	47	42	36	41	41	42	48	66	79	88	80	94
IV22.fa	92	89	90	91	90	90	91	94	90	91	91	90	90	91	88	104	81	97	99	97	91	89	89	89	89	90	89	89	90	90	87	88	91	87	88	89	87	89	88	90	93	92	89	89	88	74	81	75	74	77	75	76	73	80	78	74	75	80	74	74	78	74	73	97	78	78	41	71	73	61	69	75	86	127	89	89	83	94	0	100	56	89	92	85	79	82	82	81	86	81	86	90	89	86	78	85	85	84	92	46	59	68	60	72
IV23.fa	54	57	58	59	58	58	59	62	58	59	59	58	58	53	56	70	47	63	65	63	59	57	57	57	57	58	57	57	58	58	55	56	59	55	56	57	55	57	56	58	61	54	57	57	56	42	49	43	42	39	43	44	41	48	40	42	43	48	42	42	40	40	41	65	44	44	69	45	41	81	43	43	34	93	57	57	57	48	100	0	82	57	60	51	45	48	48	47	52	47	52	50	57	46	44	51	51	50	52	72	85	94	86	100
IV30.fa	74	71	72	73	72	72	73	76	72	73	73	72	72	73	70	86	63	79	81	79	73	71	71	71	71	72	71	71	72	72	69	70	73	69	70	71	69	71	70	72	75	74	71	71	70	56	63	57	56	59	57	58	55	62	60	56	57	62	56	56	60	56	55	79	60	60	25	53	55	43	51	57	68	109	71	71	65	76	56	82	0	71	74	67	61	64	64	63	68	63	68	72	71	68	60	67	67	66	74	20	19	42	6	56
TV102.fa	45	16	17	18	17	17	18	21	17	18	18	17	17	22	19	61	34	54	56	54	22	22	21	20	20	21	20	20	21	21	18	19	22	18	19	20	18	20	19	21	24	23	20	20	19	27	34	28	27	30	28	29	26	33	31	27	28	33	27	27	31	27	26	28	31	31	58	34	18	66	32	29	39	84	20	20	42	47	89	57	71	0	7	38	32	35	35	34	39	34	39	43	4	39	33	38	38	39	45	61	74	83	75	89
TV105.fa	48	19	20	21	20	20	21	24	20	21	21	20	20	25	22	64	37	57	59	57	25	25	24	23	23	24	23	23	24	24	21	22	25	21	22	23	21	23	22	24	27	26	23	23	22	30	37	31	30	33	31	32	29	36	34	30	31	36	30	30	34	30	29	31	34	34	61	37	21	69	35	32	42	87	23	23	45	50	92	60	74	7	0	41	35	38	38	37	42	37	42	46	7	42	36	41	41	42	48	64	77	86	78	92
TV13.fa	41	38	39	40	39	39	40	43	39	40	40	39	39	40	37	55	28	48	50	48	40	38	39	38	38	39	38	38	39	39	36	37	40	36	37	38	36	38	37	39	42	41	38	38	37	23	30	24	23	26	24	25	22	29	27	23	24	29	23	23	27	21	22	46	21	25	54	30	22	62	28	25	33	78	38	38	38	41	85	51	67	38	41	0	22	25	9	8	13	8	29	19	38	15	23	8	28	29	19	57	70	79	71	85
TV154.fa	35	30	31	32	31	31	32	35	31	32	32	31	31	32	29	49	22	42	44	42	32	30	31	30	30	31	30	30	31	31	28	29	32	28	29	30	28	30	29	31	34	33	30	30	29	17	24	18	17	20	18	19	16	23	21	17	18	23	17	17	21	15	16	40	15	19	48	24	16	56	22	19	27	71	30	30	32	35	79	45	61	32	35	22	0	5	19	18	23	18	21	27	32	23	17	22	22	23	29	51	64	72	65	79
TV163.fa	38	33	34	35	34	34	35	38	34	35	35	34	34	35	32	52	25	45	47	45	35	33	34	33	33	34	33	33	34	34	31	32	35	31	32	33	31	33	32	34	37	36	33	33	32	20	27	21	20	23	21	22	19	26	24	20	21	26	20	20	24	18	19	43	18	22	51	27	19	59	25	22	30	74	33	33	35	38	82	48	64	35	38	25	5	0	22	21	26	21	24	30	35	26	20	25	25	26	32	54	67	75	68	82
TV19.fa	38	35	36	37	36	36	37	40	36	37	37	36	36	37	34	52	25	45	47	45	37	35	36	35	35	36	35	35	36	36	33	34	37	33	34	35	33	35	34	36	39	38	35	35	34	20	27	21	20	23	21	22	19	26	24	20	21	26	20	20	24	18	19	43	18	22	51	27	19	59	25	22	30	75	35	35	35	38	82	48	64	35	38	9	19	22	0	5	10	5	26	16	35	12	20	9	25	26	16	54	67	76	68	82
TV2.fa	37	34	35	36	35	35	36	39	35	36	36	35	35	36	33	51	24	44	46	44	36	34	35	34	34	35	34	34	35	35	32	33	36	32	33	34	32	34	33	35	38	37	34	34	33	19	26	20	19	22	20	21	18	25	23	19	20	25	19	19	23	17	18	42	17	21	50	26	18	58	24	21	29	74	34	34	34	37	81	47	63	34	37	8	18	21	5	0	9	4	25	15	34	11	19	8	24	25	15	53	66	75	67	81
TV28.fa	42	39	40	41	40	40	41	44	40	41	41	40	40	41	38	56	29	49	51	49	41	39	40	39	39	40	39	39	40	40	37	38	41	37	38	39	37	39	38	40	43	42	39	39	38	24	31	25	24	27	25	26	23	30	28	24	25	30	24	24	28	22	23	47	22	26	55	31	23	63	29	26	34	79	39	39	39	42	86	52	68	39	42	13	23	26	10	9	0	9	30	20	39	16	24	13	29	30	20	58	71	80	72	86
TV29.fa	37	34	35	36	35	35	36	39	35	36	36	35	35	36	33	51	24	44	46	44	36	34	35	34	34	35	34	34	35	35	32	33	36	32	33	34	32	34	33	35	38	37	34	34	33	19	26	20	19	22	20	21	18	25	23	19	20	25	19	19	23	17	18	42	17	21	50	26	18	58	24	21	29	74	34	34	34	37	81	47	63	34	37	8	18	21	5	4	9	0	25	15	34	11	19	8	24	25	15	53	66	75	67	81
TV3.fa	42	37	38	39	38	38	39	42	38	39	39	38	38	39	36	56	29	49	51	49	39	37	38	37	37	38	37	37	38	38	35	36	39	35	36	37	35	37	36	38	41	40	37	37	36	24	31	25	24	27	25	26	23	30	28	24	25	30	24	24	28	22	23	47	22	26	55	31	23	63	29	26	34	78	37	37	39	42	86	52	68	39	42	29	21	24	26	25	30	25	0	34	39	30	24	29	29	30	36	58	71	79	72	86
TV30.fa	40	43	44	45	44	44	45	48	44	45	45	44	44	39	42	60	33	53	55	53	45	43	44	43	43	44	43	43	44	44	41	42	45	41	42	43	41	43	42	44	47	40	43	43	42	28	35	29	28	25	29	30	27	34	26	28	29	34	28	28	26	26	27	51	26	30	59	35	27	67	33	30	38	82	43	43	43	46	90	50	72	43	46	19	27	30	16	15	20	15	34	0	43	14	28	19	33	34	20	62	75	84	76	89
TV32.fa	45	16	17	18	17	17	18	21	17	18	18	17	17	22	19	61	34	54	56	54	22	22	21	20	20	21	20	20	21	21	18	19	22	18	19	20	18	20	19	21	24	23	20	20	19	27	34	28	27	30	28	29	26	33	31	27	28	33	27	27	31	27	26	28	31	31	58	34	18	66	32	29	39	84	20	20	42	47	89	57	71	4	7	38	32	35	35	34	39	34	39	43	0	39	33	38	38	39	45	61	74	83	75	89
TV33.fa	36	39	40	41	40	40	41	44	40	41	41	40	40	35	38	56	29	49	51	49	41	39	40	39	39	40	39	39	40	40	37	38	41	37	38	39	37	39	38	40	43	36	39	39	38	24	31	25	24	21	25	26	23	30	22	24	25	30	24	24	22	22	23	47	22	26	55	31	23	63	29	26	34	79	39	39	39	42	86	46	68	39	42	15	23	26	12	11	16	11	30	14	39	0	24	15	29	30	16	58	71	80	72	86
TV46.fa	36	33	34	35	34	34	35	38	34	35	35	34	34	35	32	48	23	41	43	41	35	33	33	33	33	34	33	33	34	34	31	32	35	31	32	33	31	33	32	34	37	36	33	33	32	18	25	19	18	21	19	20	17	24	22	18	19	24	18	18	22	16	17	41	16	20	47	23	17	57	21	20	28	71	33	33	33	36	78	44	60	33	36	23	17	20	20	19	24	19	24	28	33	24	0	23	23	12	30	50	63	72	64	78
TV5.fa	41	38	39	40	39	39	40	43	39	40	40	39	39	40	37	55	28	48	50	48	40	38	39	38	38	39	38	38	39	39	36	37	40	36	37	38	36	38	37	39	42	41	38	38	37	23	30	24	23	26	24	25	22	29	27	23	24	29	23	23	27	21	22	46	21	25	54	30	22	62	28	25	33	78	38	38	38	41	85	51	67	38	41	8	22	25	9	8	13	8	29	19	38	15	23	0	28	29	19	57	70	79	71	85
TV7.fa	41	38	39	40	39	39	40	43	39	40	40	39	39	40	37	55	28	48	50	48	40	38	39	38	38	39	38	38	39	39	36	37	40	36	37	38	36	38	37	39	42	41	38	38	37	23	30	24	23	26	24	25	22	29	27	23	24	29	23	23	27	21	22	46	21	25	54	30	22	62	28	25	33	78	38	38	38	41	85	51	67	38	41	28	22	25	25	24	29	24	29	33	38	29	23	28	0	29	35	57	70	79	71	85
TV70.fa	42	39	40	41	40	40	41	44	40	41	41	40	40	41	38	54	29	47	49	47	41	39	39	39	39	40	39	39	40	40	37	38	41	37	38	39	37	39	38	40	43	42	39	39	38	24	31	25	24	27	25	26	23	30	28	24	25	30	24	24	28	22	23	47	22	26	53	29	23	63	27	26	34	77	39	39	39	42	84	50	66	39	42	29	23	26	26	25	30	25	30	34	39	30	12	29	29	0	36	56	69	78	70	84
TV9.fa	42	45	46	47	46	46	47	50	46	47	47	46	46	41	44	62	35	55	57	55	47	45	46	45	45	46	45	45	46	46	43	44	47	43	44	45	43	45	44	46	49	42	45	45	44	30	37	31	30	27	31	32	29	36	28	30	31	36	30	30	28	28	29	53	28	32	61	37	29	69	35	32	40	85	45	45	45	48	92	52	74	45	48	19	29	32	16	15	20	15	36	20	45	16	30	19	35	36	0	64	77	86	78	92
VV10.fa	64	61	62	63	62	62	63	66	62	63	63	62	62	63	60	76	53	69	71	69	63	61	61	61	61	62	61	61	62	62	59	60	63	59	60	61	59	61	60	62	65	64	61	61	60	46	53	47	46	49	47	48	45	52	50	46	47	52	46	46	50	46	45	69	50	50	15	43	45	33	41	47	58	99	61	61	55	66	46	72	20	61	64	57	51	54	54	53	58	53	58	62	61	58	50	57	57	56	64	0	23	32	24	46
VV14.fa	77	74	75	76	75	75	76	79	75	76	76	75	75	76	73	89	66	82	84	82	76	74	74	74	74	75	74	74	75	75	72	73	76	72	73	74	72	74	73	75	78	77	74	74	73	59	66	60	59	62	60	61	58	65	63	59	60	65	59	59	63	59	58	82	63	63	28	56	58	46	54	60	71	112	74	74	68	79	59	85	19	74	77	70	64	67	67	66	71	66	71	75	74	71	63	70	70	69	77	23	0	45	23	59
VV5.fa	86	82	83	84	83	83	84	87	83	84	84	83	83	84	81	98	75	91	93	91	84	82	82	82	82	83	82	82	83	83	80	81	84	80	81	82	80	82	81	83	86	85	82	82	81	68	75	69	68	71	69	70	67	74	72	68	69	74	68	68	72	68	67	91	72	72	37	65	67	55	63	69	80	119	82	82	77	88	68	94	42	83	86	79	72	75	76	75	80	75	79	84	83	80	72	79	79	78	86	32	45	0	46	68
VV8.fa	78	75	76	77	76	76	77	80	76	77	77	76	76	77	74	90	67	83	85	83	77	75	75	75	75	76	75	75	76	76	73	74	77	73	74	75	73	75	74	76	79	78	75	75	74	60	67	61	60	63	61	62	59	66	64	60	61	66	60	60	64	60	59	83	64	64	29	57	59	47	55	61	72	113	75	75	69	80	60	86	6	75	78	71	65	68	68	67	72	67	72	76	75	72	64	71	71	70	78	24	23	46	0	60
VV9.fa	86	89	90	91	90	90	91	88	90	91	91	90	90	91	88	104	81	97	99	97	85	89	89	89	89	90	89	89	90	90	87	88	91	87	88	89	87	89	88	90	93	92	89	89	88	74	80	75	74	77	75	76	73	79	78	74	75	80	74	74	78	74	73	97	78	78	39	71	73	61	69	75	86	123	88	89	83	94	72	100	56	89	92	85	79	82	82	81	86	81	86	89	89	86	78	85	85	84	92	46	59	68	60	0
