Node	Total SNPs	Num of SNPs inside recombinations	Num of SNPs outside recombinations	Num of Recombination Blocks	Bases in Recombinations	r/m	rho/theta	Genome Length	Bases in Clonal Frame
10-1-01.snps.consensus.subs.fa	84	26	58	5	19678	0.448276	0.086207	3111017	3091650
10-1-02.snps.consensus.subs.fa	95	22	73	3	20511	0.301370	0.041096	3111017	3091581
10-1-04.snps.consensus.subs.fa	0	0	0	0	25375	0.000000	0.000000	3111017	3085623
10-1-05.snps.consensus.subs.fa	62	23	39	2	19478	0.589744	0.051282	3111017	3091581
10-1-09.snps.consensus.subs.fa	68	29	39	4	19881	0.743590	0.102564	3111017	3091593
10-1A.snps.consensus.subs.fa	0	0	0	0	19876	0.000000	0.000000	3111017	3091122
10-2-12.snps.consensus.subs.fa	114	58	56	6	22278	1.035714	0.107143	3111017	3091122
10-2-17.snps.consensus.subs.fa	191	75	116	9	28314	0.646552	0.077586	3111017	3087753
10-6-41.snps.consensus.subs.fa	142	61	81	7	26341	0.753086	0.086420	3111017	3085623
10-6-46.snps.consensus.subs.fa	118	47	71	6	20891	0.661972	0.084507	3111017	3090160
10-6-50.snps.consensus.subs.fa	0	0	0	0	23246	0.000000	0.000000	3111017	3087753
10-6A.snps.consensus.subs.fa	0	0	0	0	20837	0.000000	0.000000	3111017	3090160
11-3A.snps.consensus.subs.fa	159	26	133	4	9608	0.195489	0.030075	3111017	3101499
11-7A.snps.consensus.subs.fa	128	64	64	6	15231	1.000000	0.093750	3111017	3100841
12-03-20.snps.consensus.subs.fa	167	57	110	7	64692	0.518182	0.063636	3111017	3048356
12-1VP.snps.consensus.subs.fa	0	0	0	0	27671	0.000000	0.000000	3111017	3083322
12-3-27.snps.consensus.subs.fa	160	59	101	7	62926	0.584158	0.069307	3111017	3048116
12-7-68.snps.consensus.subs.fa	0	0	0	0	62633	0.000000	0.000000	3111017	3048356
12-8-01.snps.consensus.subs.fa	0	0	0	0	62872	0.000000	0.000000	3111017	3048116
13-06-51.snps.consensus.subs.fa	121	52	69	8	24610	0.753623	0.115942	3111017	3086792
13-1-05.snps.consensus.subs.fa	0	0	0	0	10455	0.000000	0.000000	3111017	3100546
13-1-06.snps.consensus.subs.fa	89	10	79	1	10243	0.126582	0.012658	3111017	3100774
13-1-07.snps.consensus.subs.fa	123	59	64	6	12568	0.921875	0.093750	3111017	3100759
13-1-08.snps.consensus.subs.fa	157	91	66	7	17653	1.378788	0.106061	3111017	3100774
13-1-09.snps.consensus.subs.fa	129	63	66	9	25643	0.954545	0.136364	3111017	3087146
13-1-10.snps.consensus.subs.fa	70	37	33	5	11887	1.121212	0.151515	3111017	3100730
13-10-96.snps.consensus.subs.fa	0	0	0	0	14982	0.000000	0.000000	3111017	3096019
13-10-98.snps.consensus.subs.fa	130	76	54	8	22396	1.407407	0.148148	3111017	3096019
13-1VP.snps.consensus.subs.fa	176	127	49	12	21852	2.591837	0.244898	3111017	3095795
13-2-13.snps.consensus.subs.fa	0	0	0	0	10464	0.000000	0.000000	3111017	3100537
13-2-16.snps.consensus.subs.fa	69	28	41	5	10504	0.682927	0.121951	3111017	3100683
13-2-17.snps.consensus.subs.fa	0	0	0	0	24207	0.000000	0.000000	3111017	3086792
13-2-19.snps.consensus.subs.fa	0	0	0	0	23843	0.000000	0.000000	3111017	3087156
13-2VP.snps.consensus.subs.fa	116	55	61	7	13434	0.901639	0.114754	3111017	3100683
13-4-32.snps.consensus.subs.fa	0	0	0	0	14433	0.000000	0.000000	3111017	3096571
13-4-33.snps.consensus.subs.fa	138	69	69	8	22366	1.000000	0.115942	3111017	3096571
13-4-35.snps.consensus.subs.fa	65	23	42	3	10420	0.547619	0.071429	3111017	3100655
13-4VP.snps.consensus.subs.fa	0	0	0	0	10320	0.000000	0.000000	3111017	3100683
13-5-45.snps.consensus.subs.fa	363	305	58	7	19598	5.258621	0.120690	3111017	3100730
13-7-61.snps.consensus.subs.fa	77	21	56	4	15021	0.375000	0.071429	3111017	3096019
13-8-72.snps.consensus.subs.fa	454	338	116	8	24595	2.913793	0.068966	3111017	3100546
13-9-85.snps.consensus.subs.fa	160	92	68	11	21064	1.352941	0.161765	3111017	3100537
13-9-86.snps.consensus.subs.fa	140	77	63	9	14727	1.222222	0.142857	3111017	3100730
13-9-88.snps.consensus.subs.fa	0	0	0	0	15204	0.000000	0.000000	3111017	3095795
5A-1.snps.consensus.subs.fa	156	70	86	9	26829	0.813953	0.104651	3111017	3085527
5A-12.snps.consensus.subs.fa	422	357	65	12	29412	5.492308	0.184615	3111017	3086192
5A-13.snps.consensus.subs.fa	0	0	0	0	24805	0.000000	0.000000	3111017	3086192
5A-15.snps.consensus.subs.fa	64	28	36	2	25573	0.777778	0.055556	3111017	3086192
5A-16.snps.consensus.subs.fa	85	42	43	4	25770	0.976744	0.093023	3111017	3089954
5A-18.snps.consensus.subs.fa	0	0	0	0	25472	0.000000	0.000000	3111017	3085527
5A-19.snps.consensus.subs.fa	35	0	35	0	21444	0.000000	0.000000	3111017	3089553
5A-2.snps.consensus.subs.fa	0	0	0	0	26792	0.000000	0.000000	3111017	3084203
5A-20.snps.consensus.subs.fa	0	0	0	0	953	0.000000	0.000000	3111017	3110062
5A-4.snps.consensus.subs.fa	116	47	69	5	21838	0.681159	0.072464	3111017	3089172
5A-5.snps.consensus.subs.fa	99	19	80	4	22191	0.237500	0.050000	3111017	3088964
5A-6.snps.consensus.subs.fa	0	0	0	0	21823	0.000000	0.000000	3111017	3089172
5A-7.snps.consensus.subs.fa	116	82	34	8	24490	2.411765	0.235294	3111017	3089542
5A-8.snps.consensus.subs.fa	0	0	0	0	22033	0.000000	0.000000	3111017	3088964
5A-9.snps.consensus.subs.fa	81	25	56	2	21074	0.446429	0.035714	3111017	3089954
5D-62.snps.consensus.subs.fa	216	76	140	8	32373	0.542857	0.057143	3111017	3084203
AR00-128.snps.consensus.subs.fa	0	0	0	0	55818	0.000000	0.000000	3111017	3055176
AR00-36.snps.consensus.subs.fa	1674	1604	70	20	105395	22.914286	0.285714	3111017	3059129
AR01-1155.snps.consensus.subs.fa	310	244	66	9	35400	3.696970	0.136364	3111017	3091580
AR01-215.snps.consensus.subs.fa	3325	2959	366	21	240978	8.084700	0.057377	3111017	2947818
AR01-673.snps.consensus.subs.fa	607	507	100	14	77116	5.070000	0.140000	3111017	3055176
AR01-802.snps.consensus.subs.fa	986	907	79	5	95253	11.481012	0.063291	3111017	3060028
AR01-912.snps.consensus.subs.fa	0	0	0	0	79882	0.000000	0.000000	3111017	3031107
AR96-360.snps.consensus.subs.fa	513	454	59	8	56062	7.694915	0.135593	3111017	3089553
AR99-1024.snps.consensus.subs.fa	67	33	34	4	30774	0.970588	0.117647	3111017	3085726
AR99-1107.snps.consensus.subs.fa	0	0	0	0	75717	0.000000	0.000000	3111017	3035274
AR99-190.snps.consensus.subs.fa	0	0	0	0	51861	0.000000	0.000000	3111017	3059129
AR99-84.snps.consensus.subs.fa	0	0	0	0	51033	0.000000	0.000000	3111017	3059962
ARL04-446.snps.consensus.subs.fa	20357	1458	18899	28	104453	0.077147	0.001482	3111017	3024840
ARL04-506.snps.consensus.subs.fa	168	112	56	10	82704	2.000000	0.178571	3111017	3035617
ARL08-192.snps.consensus.subs.fa	789	650	139	10	93863	4.676259	0.071942	3111017	3048389
EF13-2-12.snps.consensus.subs.fa	0	0	0	0	23852	0.000000	0.000000	3111017	3087146
EF13-4-31.snps.consensus.subs.fa	0	0	0	0	10274	0.000000	0.000000	3111017	3100730
IV12.snps.consensus.subs.fa	1900	1804	96	14	104433	18.791666	0.145833	3111017	3039674
IV18.snps.consensus.subs.fa	0	0	0	0	75554	0.000000	0.000000	3111017	3035436
IV22.snps.consensus.subs.fa	110	33	77	4	83716	0.428571	0.051948	3111017	3027268
IV23.snps.consensus.subs.fa	1401	1287	114	11	91875	11.289474	0.096491	3111017	3035436
IV30.snps.consensus.subs.fa	0	0	0	0	83716	0.000000	0.000000	3111017	3027268
TV102.snps.consensus.subs.fa	0	0	0	0	20881	0.000000	0.000000	3111017	3090115
TV103.snps.consensus.subs.fa	0	0	0	0	97253	0.000000	0.000000	3111017	3013710
TV105.snps.consensus.subs.fa	122	66	56	9	23115	1.178571	0.160714	3111017	3090115
TV106.snps.consensus.subs.fa	1572	1504	68	20	781433	22.117647	0.294118	3111017	2340223
TV112.snps.consensus.subs.fa	0	0	0	0	164930	0.000000	0.000000	3111017	2946039
TV121.snps.consensus.subs.fa	44	8	36	1	97010	0.222222	0.027778	3111017	3013955
TV126.snps.consensus.subs.fa	150	89	61	11	165713	1.459016	0.180328	3111017	2946039
TV13.snps.consensus.subs.fa	0	0	0	0	60085	0.000000	0.000000	3111017	3050908
TV135.snps.consensus.subs.fa	126	73	53	9	100787	1.377358	0.169811	3111017	3013710
TV147.snps.consensus.subs.fa	61	34	27	3	770600	1.259259	0.111111	3111017	2340226
TV148.snps.consensus.subs.fa	0	0	0	0	770603	0.000000	0.000000	3111017	2340223
TV154.snps.consensus.subs.fa	0	0	0	0	51848	0.000000	0.000000	3111017	3059146
TV163.snps.consensus.subs.fa	221	142	79	12	56373	1.797468	0.151899	3111017	3059146
TV19.snps.consensus.subs.fa	332	303	29	4	58541	10.448276	0.137931	3111017	3053022
TV2.snps.consensus.subs.fa	131	40	91	5	52554	0.439560	0.054945	3111017	3058440
TV28.snps.consensus.subs.fa	1210	1139	71	16	64305	16.042253	0.225352	3111017	3048232
TV29.snps.consensus.subs.fa	519	455	64	3	57632	7.109375	0.046875	3111017	3056149
TV3.snps.consensus.subs.fa	149	36	113	5	54077	0.318584	0.044248	3111017	3058440
TV30.snps.consensus.subs.fa	0	0	0	0	62763	0.000000	0.000000	3111017	3048232
TV32.snps.consensus.subs.fa	863	805	58	6	46097	13.879311	0.103448	3111017	3091574
TV33.snps.consensus.subs.fa	0	0	0	0	102116	0.000000	0.000000	3111017	3008877
TV46.snps.consensus.subs.fa	0	0	0	0	60392	0.000000	0.000000	3111017	3050604
TV5.snps.consensus.subs.fa	66	39	27	2	58451	1.444444	0.074074	3111017	3052544
TV7.snps.consensus.subs.fa	0	0	0	0	71315	0.000000	0.000000	3111017	3039674
TV70.snps.consensus.subs.fa	1619	1536	83	12	106448	18.506023	0.144578	3111017	3050604
TV9.snps.consensus.subs.fa	1277	1220	57	13	127057	21.403509	0.228070	3111017	3008877
VV10.snps.consensus.subs.fa	425	325	100	9	124047	3.250000	0.090000	3111017	2989611
VV14.snps.consensus.subs.fa	58	11	47	2	83692	0.234043	0.042553	3111017	3027302
VV5.snps.consensus.subs.fa	0	0	0	0	121374	0.000000	0.000000	3111017	2989611
VV8.snps.consensus.subs.fa	197	134	63	12	84503	2.126984	0.190476	3111017	3027268
VV9.snps.consensus.subs.fa	464	405	59	6	104420	6.864407	0.101695	3111017	3027348
internal_121	100	41	59	7	10455	0.694915	0.118644	3111017	3100774
internal_120	60	16	44	2	10231	0.363636	0.045455	3111017	3100774
internal_125	42	7	35	1	10320	0.200000	0.028571	3111017	3100683
internal_124	45	14	31	2	10320	0.451613	0.064516	3111017	3100730
internal_129	90	59	31	6	15204	1.903226	0.193548	3111017	3100730
internal_132	49	0	49	0	10274	0.000000	0.000000	3111017	3100730
internal_131	37	0	37	0	10274	0.000000	0.000000	3111017	3100730
internal_135	27	0	27	0	14982	0.000000	0.000000	3111017	3096019
internal_134	35	17	18	1	14982	0.944444	0.055556	3111017	3100513
internal_136	79	32	47	3	14433	0.680851	0.063830	3111017	3100513
internal_133	29	12	17	2	10489	0.705882	0.117647	3111017	3100730
internal_130	13	0	13	0	10274	0.000000	0.000000	3111017	3100730
internal_128	21	0	21	0	10274	0.000000	0.000000	3111017	3100730
internal_139	64	28	36	3	10464	0.777778	0.083333	3111017	3100655
internal_138	15	0	15	0	10347	0.000000	0.000000	3111017	3100655
internal_143	397	334	63	6	24207	5.301587	0.095238	3111017	3087156
internal_142	56	19	37	2	23843	0.513514	0.054054	3111017	3087156
internal_144	47	5	42	1	23852	0.119048	0.023810	3111017	3087156
internal_141	38	10	28	1	23843	0.357143	0.035714	3111017	3091650
internal_153	46	6	40	1	62633	0.150000	0.025000	3111017	3048389
internal_154	119	51	68	7	62872	0.750000	0.102941	3111017	3048389
internal_152	41	0	41	0	62600	0.000000	0.000000	3111017	3048389
internal_151	732	615	117	14	62600	5.256410	0.119658	3111017	3083322
internal_150	122	50	72	7	27671	0.694444	0.097222	3111017	3085844
internal_160	758	663	95	6	121374	6.978947	0.063158	3111017	3027302
internal_163	45	18	27	3	83716	0.666667	0.111111	3111017	3027268
internal_162	63	27	36	4	83716	0.750000	0.111111	3111017	3027302
internal_161	25	0	25	0	83683	0.000000	0.000000	3111017	3027302
internal_159	48	13	35	2	83683	0.371429	0.057143	3111017	3027348
internal_158	488	422	66	16	83637	6.393939	0.242424	3111017	3031107
internal_157	335	210	125	11	79882	1.680000	0.088000	3111017	3035274
internal_156	830	718	112	13	75717	6.410714	0.116071	3111017	3085726
internal_165	346	301	45	11	51861	6.688889	0.244444	3111017	3085726
internal_164	10	0	10	0	25270	0.000000	0.000000	3111017	3085726
internal_155	214	181	33	2	25270	5.484848	0.060606	3111017	3085844
internal_149	40	7	33	1	25153	0.212121	0.030303	3111017	3085844
internal_168	1152	1047	105	9	55818	9.971429	0.085714	3111017	3059962
internal_167	444	399	45	4	51033	8.866667	0.088889	3111017	3060120
internal_172	1017	902	115	6	52554	7.843478	0.052174	3111017	3059558
internal_173	79	24	55	4	51848	0.436364	0.072727	3111017	3059558
internal_171	330	296	34	5	51436	8.705882	0.147059	3111017	3060028
internal_170	106	64	42	2	50968	1.523810	0.047619	3111017	3060037
internal_176	134	84	50	7	75554	1.680000	0.140000	3111017	3035617
internal_175	1075	1034	41	10	75377	25.219513	0.243902	3111017	3056149
internal_180	773	708	65	9	102116	10.892307	0.138462	3111017	3053022
internal_184	571	483	88	12	71315	5.488636	0.136364	3111017	3050908
internal_183	157	91	66	8	60085	1.378788	0.121212	3111017	3052544
internal_182	94	54	40	3	58451	1.350000	0.075000	3111017	3053022
internal_181	26	6	20	1	57974	0.300000	0.050000	3111017	3053022
internal_179	563	515	48	5	57974	10.729167	0.104167	3111017	3056149
internal_186	529	488	41	9	62763	11.902439	0.219512	3111017	3056149
internal_185	125	83	42	2	54849	1.976190	0.047619	3111017	3056149
internal_178	106	82	24	3	54849	3.416667	0.125000	3111017	3056149
internal_187	578	504	74	8	60392	6.810811	0.108108	3111017	3056149
internal_177	102	71	31	1	54849	2.290323	0.032258	3111017	3056149
internal_174	104	82	22	3	54849	3.727273	0.136364	3111017	3060037
internal_169	374	340	34	6	50959	10.000000	0.176471	3111017	3060120
internal_166	249	215	34	2	50877	6.323529	0.058824	3111017	3085844
internal_148	219	185	34	2	25153	5.441176	0.058824	3111017	3089963
internal_191	99	39	60	4	25472	0.650000	0.066667	3111017	3089428
internal_192	45	9	36	2	22033	0.250000	0.055556	3111017	3089428
internal_190	42	8	34	1	21571	0.235294	0.029412	3111017	3089954
internal_199	50	20	30	2	21823	0.666667	0.066667	3111017	3089542
internal_198	48	12	36	2	21454	0.333333	0.055556	3111017	3089553
internal_197	17	0	17	0	21444	0.000000	0.000000	3111017	3089553
internal_201	56	19	37	2	24805	0.513514	0.054054	3111017	3086192
internal_200	66	28	38	3	24805	0.736842	0.078947	3111017	3089553
internal_196	24	7	17	1	21444	0.411765	0.058824	3111017	3089553
internal_195	31	12	19	2	21444	0.631579	0.105263	3111017	3089954
internal_194	41	12	29	2	21044	0.413793	0.068966	3111017	3089954
internal_193	30	0	30	0	21044	0.000000	0.000000	3111017	3089954
internal_189	15	0	15	0	21044	0.000000	0.000000	3111017	3089954
internal_202	158	71	87	7	26792	0.816092	0.080460	3111017	3089954
internal_188	41	14	27	1	21044	0.518519	0.037037	3111017	3089963
internal_147	48	19	29	2	21035	0.655172	0.068966	3111017	3091580
internal_146	41	16	25	2	19419	0.640000	0.080000	3111017	3091650
internal_205	55	20	35	3	20881	0.571429	0.085714	3111017	3091574
internal_204	67	31	36	3	19425	0.861111	0.083333	3111017	3091650
internal_212	78	23	55	2	23246	0.418182	0.036364	3111017	3091581
internal_211	76	14	62	2	19418	0.225806	0.032258	3111017	3091581
internal_210	47	15	32	2	19418	0.468750	0.062500	3111017	3091593
internal_209	30	5	25	1	19406	0.200000	0.040000	3111017	3091603
internal_214	40	14	26	1	19876	0.538462	0.038462	3111017	3091122
internal_215	87	44	43	5	20837	1.023256	0.116279	3111017	3091122
internal_213	43	23	20	3	19876	1.150000	0.150000	3111017	3091603
internal_208	19	8	11	1	19396	0.727273	0.090909	3111017	3091631
internal_216	87	36	51	5	25375	0.705882	0.098039	3111017	3091631
internal_207	25	10	15	2	19368	0.666667	0.133333	3111017	3091650
internal_206	72	18	54	3	19350	0.333333	0.055556	3111017	3091650
internal_203	43	5	38	1	19350	0.131579	0.026316	3111017	3091650
internal_145	27	0	27	0	19350	0.000000	0.000000	3111017	3091650
internal_140	323	290	33	5	19350	8.787879	0.151515	3111017	3100655
internal_137	40	11	29	2	10347	0.379310	0.068966	3111017	3100730
internal_127	18	0	18	0	10274	0.000000	0.000000	3111017	3100730
internal_126	26	4	22	1	10274	0.181818	0.045455	3111017	3100730
internal_123	35	15	20	2	10274	0.750000	0.100000	3111017	3100759
internal_122	45	13	32	2	10246	0.406250	0.062500	3111017	3100774
internal_119	23	0	23	0	10231	0.000000	0.000000	3111017	3100774
internal_118	61	23	38	4	10231	0.605263	0.105263	3111017	3100841
internal_117	94	35	59	5	10165	0.593220	0.084746	3111017	3101499
internal_116	280	71	209	6	9511	0.339713	0.028708	3111017	3110062
internal_115	291	16	275	2	953	0.058182	0.007273	3111017	3111017
internal_220	73	47	26	6	164930	1.807692	0.230769	3111017	2947818
internal_219	1172	950	222	13	163152	4.279279	0.058559	3111017	3024840
internal_218	9406	511	8895	11	86135	0.057448	0.001237	3111017	3049881
internal_223	57	26	31	4	97253	0.838710	0.129032	3111017	3013955
internal_222	20	0	20	0	97010	0.000000	0.000000	3111017	3013955
internal_114	81	42	39	6	770603	1.076923	0.153846	3111017	2340226
internal_224	12648	9176	3472	164	770600	2.642857	0.047235	3111017	3013955
internal_221	15093	1982	13111	37	97010	0.151171	0.002822	3111017	3049881
internal_217	19378	2313	17065	36	61100	0.135541	0.002110	3111017	3111017
internal_ROOT	0	0	0	0	0	0.000000	0.000000	3111017	3111017
