snp-dists 0.2	10-1-01.snps.consensus.subs.fa	10-1-02.snps.consensus.subs.fa	10-1-04.snps.consensus.subs.fa	10-1-05.snps.consensus.subs.fa	10-1-09.snps.consensus.subs.fa	10-1A.snps.consensus.subs.fa	10-2-12.snps.consensus.subs.fa	10-2-17.snps.consensus.subs.fa	10-6-41.snps.consensus.subs.fa	10-6-46.snps.consensus.subs.fa	10-6-50.snps.consensus.subs.fa	10-6A.snps.consensus.subs.fa	11-3A.snps.consensus.subs.fa	11-7A.snps.consensus.subs.fa	12-03-20.snps.consensus.subs.fa	12-1VP.snps.consensus.subs.fa	12-3-27.snps.consensus.subs.fa	12-7-68.snps.consensus.subs.fa	12-8-01.snps.consensus.subs.fa	13-06-51.snps.consensus.subs.fa	13-1-05.snps.consensus.subs.fa	13-1-06.snps.consensus.subs.fa	13-1-07.snps.consensus.subs.fa	13-1-08.snps.consensus.subs.fa	13-1-09.snps.consensus.subs.fa	13-1-10.snps.consensus.subs.fa	13-10-96.snps.consensus.subs.fa	13-10-98.snps.consensus.subs.fa	13-1VP.snps.consensus.subs.fa	13-2-13.snps.consensus.subs.fa	13-2-16.snps.consensus.subs.fa	13-2-17.snps.consensus.subs.fa	13-2-19.snps.consensus.subs.fa	13-2VP.snps.consensus.subs.fa	13-4-32.snps.consensus.subs.fa	13-4-33.snps.consensus.subs.fa	13-4-35.snps.consensus.subs.fa	13-4VP.snps.consensus.subs.fa	13-5-45.snps.consensus.subs.fa	13-7-61.snps.consensus.subs.fa	13-8-72.snps.consensus.subs.fa	13-9-85.snps.consensus.subs.fa	13-9-86.snps.consensus.subs.fa	13-9-88.snps.consensus.subs.fa	5A-1.snps.consensus.subs.fa	5A-12.snps.consensus.subs.fa	5A-13.snps.consensus.subs.fa	5A-15.snps.consensus.subs.fa	5A-16.snps.consensus.subs.fa	5A-18.snps.consensus.subs.fa	5A-19.snps.consensus.subs.fa	5A-2.snps.consensus.subs.fa	5A-20.snps.consensus.subs.fa	5A-4.snps.consensus.subs.fa	5A-5.snps.consensus.subs.fa	5A-6.snps.consensus.subs.fa	5A-7.snps.consensus.subs.fa	5A-8.snps.consensus.subs.fa	5A-9.snps.consensus.subs.fa	5D-62.snps.consensus.subs.fa	AR00-128.snps.consensus.subs.fa	AR00-36.snps.consensus.subs.fa	AR01-1155.snps.consensus.subs.fa	AR01-215.snps.consensus.subs.fa	AR01-673.snps.consensus.subs.fa	AR01-802.snps.consensus.subs.fa	AR01-912.snps.consensus.subs.fa	AR96-360.snps.consensus.subs.fa	AR99-1024.snps.consensus.subs.fa	AR99-1107.snps.consensus.subs.fa	AR99-190.snps.consensus.subs.fa	AR99-84.snps.consensus.subs.fa	ARL04-446.snps.consensus.subs.fa	ARL04-506.snps.consensus.subs.fa	ARL08-192.snps.consensus.subs.fa	EF13-2-12.snps.consensus.subs.fa	EF13-4-31.snps.consensus.subs.fa	IV12.snps.consensus.subs.fa	IV18.snps.consensus.subs.fa	IV22.snps.consensus.subs.fa	IV23.snps.consensus.subs.fa	IV30.snps.consensus.subs.fa	TV102.snps.consensus.subs.fa	TV103.snps.consensus.subs.fa	TV105.snps.consensus.subs.fa	TV106.snps.consensus.subs.fa	TV112.snps.consensus.subs.fa	TV121.snps.consensus.subs.fa	TV126.snps.consensus.subs.fa	TV13.snps.consensus.subs.fa	TV135.snps.consensus.subs.fa	TV147.snps.consensus.subs.fa	TV148.snps.consensus.subs.fa	TV154.snps.consensus.subs.fa	TV163.snps.consensus.subs.fa	TV19.snps.consensus.subs.fa	TV2.snps.consensus.subs.fa	TV28.snps.consensus.subs.fa	TV29.snps.consensus.subs.fa	TV3.snps.consensus.subs.fa	TV30.snps.consensus.subs.fa	TV32.snps.consensus.subs.fa	TV33.snps.consensus.subs.fa	TV46.snps.consensus.subs.fa	TV5.snps.consensus.subs.fa	TV7.snps.consensus.subs.fa	TV70.snps.consensus.subs.fa	TV9.snps.consensus.subs.fa	VV10.snps.consensus.subs.fa	VV14.snps.consensus.subs.fa	VV5.snps.consensus.subs.fa	VV8.snps.consensus.subs.fa	VV9.snps.consensus.subs.fa
10-1-01.snps.consensus.subs.fa	0	152	134	92	122	117	150	240	152	145	157	129	311	239	606	193	582	556	573	192	223	193	222	401	194	241	206	272	288	179	191	180	162	241	192	268	166	182	144	213	248	288	212	224	213	225	166	166	218	186	156	241	438	175	153	166	211	143	143	357	197	730	277	22389	416	593	830	449	201	740	406	153	22803	553	909	150	192	812	537	965	693	951	156	22454	183	27440	22239	22438	22239	267	22497	27445	27454	214	278	225	228	326	225	247	303	148	613	239	244	419	748	1090	1270	942	1278	1013	1104
10-1-02.snps.consensus.subs.fa	152	0	151	123	127	112	149	256	161	138	172	122	342	248	598	206	581	552	562	214	246	239	226	432	190	278	246	309	287	200	196	214	203	248	236	265	202	201	183	262	258	308	241	252	199	246	185	179	218	199	202	224	469	198	176	197	243	177	186	329	198	747	283	22359	430	604	869	485	190	766	450	183	22740	570	897	190	230	822	574	958	716	940	205	22423	230	27391	22201	22405	22187	310	22470	27404	27413	235	271	276	243	356	264	267	343	197	611	285	284	424	785	1104	1274	934	1268	997	1104
10-1-04.snps.consensus.subs.fa	134	151	0	110	127	109	112	257	102	139	176	137	354	234	620	190	592	570	569	190	261	211	214	412	171	238	196	228	266	186	177	170	147	239	175	245	182	185	158	215	245	245	201	214	217	169	139	133	208	187	142	229	495	169	160	153	186	147	148	344	181	716	271	22358	404	590	824	425	183	731	426	151	22795	501	914	151	195	758	490	922	634	904	154	22457	179	27427	22202	22437	22194	232	22510	27434	27443	214	236	193	215	321	204	230	291	154	553	226	194	372	703	1029	1239	906	1246	969	1064
10-1-05.snps.consensus.subs.fa	92	123	110	0	92	65	106	228	135	108	143	98	317	228	588	184	554	542	549	171	209	189	206	384	163	214	187	247	266	147	170	159	136	214	168	241	146	171	129	200	215	261	175	208	197	179	132	136	192	162	130	222	455	153	141	128	181	127	117	344	185	705	268	22388	391	578	813	415	178	726	388	127	22786	540	887	128	183	776	511	928	662	910	135	22453	156	27431	22237	22435	22223	247	22498	27440	27449	181	245	200	190	309	205	209	279	141	570	213	214	386	727	1058	1243	902	1241	976	1068
10-1-09.snps.consensus.subs.fa	122	127	127	92	0	75	105	234	120	117	140	99	332	245	584	183	561	532	544	179	245	212	210	409	185	247	206	266	267	176	183	174	155	229	189	236	167	178	140	226	239	257	199	216	194	219	160	140	204	179	143	223	457	155	137	150	202	136	145	340	190	729	274	22380	415	591	831	453	190	748	415	156	22767	539	877	159	201	777	533	920	687	896	165	22422	188	27392	22221	22402	22207	260	22469	27403	27412	201	252	232	209	315	243	221	315	156	600	252	244	402	742	1081	1237	900	1239	962	1072
10-1A.snps.consensus.subs.fa	117	112	109	65	75	0	73	245	117	101	148	82	345	243	587	190	546	545	543	168	229	191	195	395	156	207	184	245	251	151	162	155	131	210	164	241	147	162	131	203	228	254	164	190	186	187	137	121	177	175	116	209	462	144	112	121	172	117	112	340	182	717	254	22375	395	560	831	412	174	736	393	125	22776	522	880	142	173	765	506	907	664	893	135	22437	156	27416	22224	22418	22210	242	22490	27423	27432	193	230	197	188	301	210	206	287	136	562	223	206	372	724	1052	1232	893	1228	954	1059
10-2-12.snps.consensus.subs.fa	150	149	112	106	105	73	0	237	120	107	184	105	384	271	611	211	573	568	574	174	258	229	207	416	168	247	197	229	239	179	186	154	146	242	199	269	182	185	162	217	223	255	162	191	201	179	147	133	208	193	144	244	492	148	143	147	173	135	138	350	192	694	271	22352	404	587	847	409	183	762	411	165	22783	537	914	145	198	753	499	911	660	897	151	22451	162	27404	22192	22431	22178	226	22504	27408	27417	200	227	197	201	320	247	221	315	168	565	259	203	359	737	1033	1238	901	1239	957	1065
10-2-17.snps.consensus.subs.fa	240	256	257	228	234	245	237	0	216	235	173	223	380	319	680	295	657	659	665	193	333	306	303	472	222	375	249	231	296	284	327	218	212	382	310	377	290	314	263	256	246	341	322	279	234	337	304	306	341	217	289	351	514	301	280	303	270	284	272	347	289	739	389	22311	447	707	904	500	227	848	531	278	22787	601	994	201	335	839	576	1030	740	1011	286	22517	294	27419	22166	22507	22139	364	22573	27425	27433	293	338	337	349	350	356	364	358	289	711	360	350	442	859	1167	1342	1017	1336	1048	1174
10-6-41.snps.consensus.subs.fa	152	161	102	135	120	117	120	216	0	118	186	107	356	248	592	203	561	558	548	171	272	222	200	398	181	271	216	245	267	190	194	181	173	260	190	246	195	199	165	233	241	258	202	226	202	198	162	147	225	213	176	243	490	189	160	190	222	171	161	322	196	730	271	22346	398	599	814	453	183	757	441	182	22787	519	893	176	224	766	514	904	666	884	175	22463	198	27425	22189	22448	22187	242	22518	27428	27437	218	232	213	246	300	233	255	307	188	579	254	226	366	730	1028	1213	884	1218	944	1038
10-6-46.snps.consensus.subs.fa	145	138	139	108	117	101	107	235	118	0	171	60	366	252	575	202	540	539	544	171	258	216	169	390	175	259	215	265	261	187	188	172	166	251	193	237	187	202	146	232	223	294	199	228	195	207	169	151	197	196	155	249	495	170	156	159	214	150	149	327	191	735	273	22365	396	597	820	461	182	757	424	172	22782	549	874	173	200	764	541	891	677	873	167	22459	179	27438	22211	22437	22197	259	22510	27445	27454	196	218	228	228	301	238	231	299	164	578	250	236	372	771	1031	1206	877	1216	918	1039
10-6-50.snps.consensus.subs.fa	157	172	176	143	140	148	184	173	186	171	0	173	334	259	640	232	617	595	603	222	265	234	263	433	237	287	240	230	324	200	237	218	211	288	234	293	214	218	187	249	263	311	254	273	169	277	221	217	258	159	202	295	459	212	196	199	252	197	186	305	227	748	310	22394	463	630	846	500	219	775	446	177	22807	605	938	207	241	834	576	989	735	964	202	22462	223	27448	22251	22452	22230	311	22519	27452	27460	249	299	273	253	308	268	266	265	186	647	291	281	451	795	1123	1283	959	1287	1009	1125
10-6A.snps.consensus.subs.fa	129	122	137	98	99	82	105	223	107	60	173	0	360	246	554	175	540	520	528	167	252	207	171	381	157	248	218	265	253	176	181	173	159	243	190	235	166	194	146	237	219	280	197	223	185	207	157	141	186	185	151	232	475	150	140	149	202	150	148	313	169	733	257	22355	396	583	817	443	176	749	416	153	22768	537	855	158	201	765	523	888	670	872	160	22449	183	27426	22208	22431	22194	256	22499	27434	27443	182	206	218	215	292	233	220	306	155	582	240	235	373	755	1030	1202	874	1206	929	1034
11-3A.snps.consensus.subs.fa	311	342	354	317	332	345	384	380	356	366	334	360	0	244	759	378	770	741	757	368	250	241	294	424	382	327	318	398	414	254	263	366	352	346	284	381	256	256	291	318	365	384	338	317	387	442	390	386	427	380	372	403	332	370	367	373	433	357	351	483	382	900	481	22406	617	784	1003	667	381	926	606	349	22756	757	1078	350	289	1012	740	1158	917	1142	367	22420	394	27491	22261	22401	22261	479	22478	27493	27502	406	481	435	426	524	409	461	504	359	805	422	448	604	948	1285	1453	1130	1453	1188	1289
11-7A.snps.consensus.subs.fa	239	248	234	228	245	243	271	319	248	252	259	246	244	0	679	287	656	639	643	266	192	165	192	347	277	230	227	269	304	175	166	254	265	239	177	257	173	151	210	237	296	253	244	212	295	304	251	261	310	278	263	313	371	255	252	264	321	251	252	383	291	805	371	22387	516	691	882	541	294	814	518	254	22759	636	962	265	199	880	620	1015	764	997	278	22407	300	27488	22247	22389	22247	357	22464	27489	27498	306	352	319	321	401	303	343	381	252	681	317	324	496	833	1154	1320	983	1326	1050	1151
12-03-20.snps.consensus.subs.fa	606	598	620	588	584	587	611	680	592	575	640	554	759	679	0	539	144	112	116	621	692	671	617	829	632	718	696	741	710	641	655	627	648	677	668	709	643	652	613	699	671	698	652	689	612	618	600	588	618	637	588	650	862	572	583	583	637	587	583	675	547	526	663	22000	446	889	514	428	570	469	318	566	22864	670	478	640	679	512	658	595	569	575	638	22583	657	27400	22009	22564	22006	679	22638	27426	27435	575	601	629	618	656	633	621	679	616	910	561	636	718	696	1319	903	584	914	625	742
12-1VP.snps.consensus.subs.fa	193	206	190	184	183	190	211	295	203	202	232	175	378	287	539	0	498	480	491	240	298	278	264	448	240	292	278	334	333	237	253	241	228	289	254	317	228	240	202	291	303	337	285	294	224	245	187	183	234	199	171	254	491	185	159	186	228	168	174	350	179	711	340	22330	419	574	796	468	198	720	415	149	22750	536	834	230	271	788	523	911	666	899	237	22425	251	27390	22186	22409	22173	273	22474	27417	27426	183	247	236	217	323	232	224	316	223	596	230	245	406	731	1057	1232	890	1227	948	1060
12-3-27.snps.consensus.subs.fa	582	581	592	554	561	546	573	657	561	540	617	540	770	656	144	498	0	103	68	596	670	660	592	831	593	680	647	694	672	608	619	592	601	644	617	662	613	633	575	642	664	670	602	649	579	577	568	546	592	601	545	627	871	548	547	545	601	548	544	715	530	482	630	22010	419	861	497	387	541	435	276	539	22878	643	470	603	644	462	633	559	525	545	612	22577	619	27413	22019	22560	22011	638	22634	27438	27447	554	577	604	585	640	610	592	642	603	876	527	607	674	673	1328	879	556	884	582	710
12-7-68.snps.consensus.subs.fa	556	552	570	542	532	545	568	659	558	539	595	520	741	639	112	480	103	0	90	584	652	648	597	820	593	673	652	705	677	609	608	583	594	630	617	669	601	612	571	653	640	661	605	644	557	577	555	543	581	578	538	612	835	523	531	544	590	532	541	681	503	476	612	22011	412	847	483	387	528	428	271	522	22871	627	458	595	637	474	623	572	519	556	597	22568	614	27396	22018	22549	22015	638	22623	27421	27430	543	572	595	582	633	599	589	634	587	868	526	606	681	654	1319	887	553	890	608	711
12-8-01.snps.consensus.subs.fa	573	562	569	549	544	543	574	665	548	544	603	528	757	643	116	491	68	90	0	591	656	641	590	816	586	672	644	694	675	607	604	587	596	631	619	663	601	616	573	647	654	664	597	636	578	574	561	537	584	586	532	627	866	539	535	540	586	540	539	704	505	485	613	22015	398	850	488	374	537	438	279	516	22878	626	465	596	633	462	622	575	518	559	601	22575	616	27413	22024	22559	22021	634	22630	27440	27449	554	565	597	580	635	597	577	646	590	872	529	602	674	656	1320	888	555	885	597	711
13-06-51.snps.consensus.subs.fa	192	214	190	171	179	168	174	193	171	171	222	167	368	266	621	240	596	584	591	0	267	228	236	386	124	254	129	200	209	191	212	75	92	280	200	283	185	220	168	156	164	217	197	154	257	241	211	206	261	235	194	298	498	224	201	224	187	200	201	385	218	654	298	22313	361	623	850	390	147	790	447	204	22794	503	920	102	212	736	482	948	647	926	169	22489	194	27404	22170	22471	22162	278	22542	27406	27415	233	256	240	274	341	266	289	339	178	616	286	248	353	773	1080	1252	923	1256	969	1084
13-1-05.snps.consensus.subs.fa	223	246	261	209	245	229	258	333	272	258	265	252	250	192	692	298	670	652	656	267	0	146	194	347	255	220	194	280	293	164	156	258	245	225	190	304	158	157	198	190	208	257	226	191	305	326	261	267	313	291	255	330	406	276	262	271	320	252	250	433	288	808	383	22407	499	678	918	536	291	826	501	241	22767	639	995	239	175	879	618	1041	778	1027	242	22430	273	27476	22260	22412	22260	364	22482	27478	27487	309	372	302	311	424	280	352	390	255	696	318	333	497	832	1168	1332	1015	1334	1063	1169
13-1-06.snps.consensus.subs.fa	193	239	211	189	212	191	229	306	222	216	234	207	241	165	671	278	660	648	641	228	146	0	169	306	232	160	151	234	265	104	120	216	207	197	137	250	110	114	153	155	260	222	171	157	277	277	226	224	287	253	212	313	362	230	213	231	264	221	196	428	264	773	345	22406	472	650	898	494	255	806	466	212	22787	604	975	207	113	854	583	1014	759	996	210	22437	227	27503	22264	22420	22264	313	22492	27501	27510	269	331	277	283	386	267	296	354	194	660	283	286	457	806	1143	1315	988	1319	1048	1150
13-1-07.snps.consensus.subs.fa	222	226	214	206	210	195	207	303	200	169	263	171	294	192	617	264	592	597	590	236	194	169	0	329	222	202	196	253	239	162	135	244	232	224	173	246	150	146	187	211	253	253	189	174	263	282	247	233	246	274	229	320	440	244	226	229	284	231	235	368	257	816	342	22378	459	646	881	528	263	821	509	238	22757	618	921	237	162	862	617	964	756	954	253	22429	280	27479	22224	22411	22218	358	22478	27484	27493	267	278	306	281	371	308	308	387	244	664	323	317	470	833	1110	1283	950	1289	1017	1110
13-1-08.snps.consensus.subs.fa	401	432	412	384	409	395	416	472	398	390	433	381	424	347	829	448	831	820	816	386	347	306	329	0	423	360	361	430	464	307	312	403	391	388	341	449	315	309	352	373	422	433	383	351	481	477	424	429	472	452	409	514	552	424	420	420	467	416	400	561	463	968	520	22424	663	760	1042	697	460	988	671	403	22836	802	1126	404	321	976	763	1168	939	1148	413	22481	441	27567	22282	22462	22282	459	22541	27563	27573	414	414	472	467	544	464	486	541	400	845	474	483	593	933	1298	1467	1138	1465	1134	1300
13-1-09.snps.consensus.subs.fa	194	190	171	163	185	156	168	222	181	175	237	157	382	277	632	240	593	593	586	124	255	232	222	423	0	261	150	217	186	203	212	130	101	266	220	265	205	226	196	168	174	217	212	162	232	230	190	178	214	235	201	281	515	206	197	194	159	196	187	368	194	695	283	22330	343	621	893	404	133	801	472	199	22794	497	928	95	231	724	485	941	628	921	185	22483	202	27382	22181	22474	22171	283	22545	27385	27394	269	265	241	269	358	272	280	347	199	600	282	255	327	778	1086	1267	934	1261	978	1087
13-1-10.snps.consensus.subs.fa	241	278	238	214	247	207	247	375	271	259	287	248	327	230	718	292	680	673	672	254	220	160	202	360	261	0	187	253	210	134	150	237	222	137	158	202	133	152	183	198	315	267	201	177	321	303	253	256	303	286	236	240	467	262	253	256	295	249	231	353	305	806	288	22424	507	672	844	522	304	851	499	235	22785	643	1007	239	163	894	617	954	779	936	244	22468	273	27430	22203	22455	22197	356	22445	27430	27439	297	360	307	319	416	311	325	394	237	690	326	307	498	835	1086	1269	934	1267	994	1094
13-10-96.snps.consensus.subs.fa	206	246	196	187	206	184	197	249	216	215	240	218	318	227	696	278	647	652	644	129	194	151	196	361	150	187	0	113	187	133	141	123	101	213	124	252	131	149	178	64	203	167	135	87	276	243	215	204	272	259	209	336	453	233	234	219	190	219	197	449	253	689	324	22394	395	637	895	409	183	813	457	208	22818	524	979	111	132	748	495	999	651	971	182	22494	202	27457	22241	22478	22235	287	22547	27449	27458	281	298	249	286	378	279	288	347	208	634	310	257	371	792	1121	1301	980	1305	1034	1133
13-10-98.snps.consensus.subs.fa	272	309	228	247	266	245	229	231	245	265	230	265	398	269	741	334	694	705	694	200	280	234	253	430	217	253	113	0	239	199	212	179	177	278	167	293	193	223	252	146	263	185	184	133	257	260	245	234	329	241	262	371	532	265	292	261	224	278	260	394	312	739	387	22395	457	689	919	464	239	845	506	265	22850	563	1041	189	198	763	516	1003	666	978	242	22527	252	27471	22249	22516	22222	303	22582	27463	27471	318	341	270	330	339	324	326	310	277	661	346	269	388	826	1132	1306	982	1309	1032	1144
13-1VP.snps.consensus.subs.fa	288	287	266	266	267	251	239	296	267	261	324	253	414	304	710	333	672	677	675	209	293	265	239	464	186	210	187	239	0	250	240	213	198	201	244	206	251	247	252	205	254	254	234	161	321	320	301	278	328	329	291	280	547	290	290	290	262	304	297	369	307	759	294	22374	442	707	884	498	232	896	547	290	22815	595	1012	210	260	808	579	906	710	890	284	22511	298	27352	22162	22491	22148	375	22499	27355	27364	340	333	327	355	451	376	375	443	297	672	376	327	421	871	1062	1233	888	1234	950	1062
13-2-13.snps.consensus.subs.fa	179	200	186	147	176	151	179	284	190	187	200	176	254	175	641	237	608	609	607	191	164	104	162	307	203	134	133	199	250	0	93	174	161	172	120	230	69	98	125	147	241	186	140	129	246	235	193	195	256	217	187	282	396	194	191	195	234	178	168	392	239	734	315	22407	451	608	858	470	226	769	415	178	22795	578	930	167	96	818	553	977	722	959	176	22446	201	27488	22263	22430	22255	284	22504	27491	27500	230	299	247	256	350	249	257	324	170	630	264	250	424	776	1118	1284	959	1286	1013	1113
13-2-16.snps.consensus.subs.fa	191	196	177	170	183	162	186	327	194	188	237	181	263	166	655	253	619	608	604	212	156	120	135	312	212	150	141	212	240	93	0	192	184	161	122	233	100	77	144	157	253	206	146	113	250	245	194	189	251	236	189	284	412	203	192	192	238	187	191	396	244	760	323	22409	453	612	891	482	233	804	456	196	22778	576	942	196	108	823	562	985	725	971	188	22421	223	27481	22254	22407	22254	305	22476	27481	27490	255	290	263	265	370	266	275	342	195	641	290	264	440	781	1113	1286	967	1298	1018	1113
13-2-17.snps.consensus.subs.fa	180	214	170	159	174	155	154	218	181	172	218	173	366	254	627	241	592	583	587	75	258	216	244	403	130	237	123	179	213	174	192	0	66	260	181	282	165	197	149	138	179	214	179	149	246	211	178	189	244	229	168	295	513	194	191	191	162	173	171	410	213	636	299	22349	358	612	856	364	134	764	417	183	22824	490	922	74	191	724	457	955	618	935	150	22493	170	27404	22197	22479	22189	256	22551	27405	27414	221	264	211	256	340	244	261	310	158	587	260	222	338	745	1072	1260	942	1266	981	1091
13-2-19.snps.consensus.subs.fa	162	203	147	136	155	131	146	212	173	166	211	159	352	265	648	228	601	594	596	92	245	207	232	391	101	222	101	177	198	161	184	66	0	239	172	277	152	196	134	133	162	206	175	133	241	201	165	162	229	214	147	276	499	181	186	171	136	161	160	393	205	653	271	22348	349	606	855	372	138	765	409	157	22823	472	931	60	177	726	445	947	605	927	139	22501	164	27414	22197	22479	22183	248	22552	27419	27428	218	259	196	247	337	226	241	306	171	575	245	216	334	739	1070	1271	936	1275	991	1093
13-2VP.snps.consensus.subs.fa	241	248	239	214	229	210	242	382	260	251	288	243	346	239	677	289	644	630	631	280	225	197	224	388	266	137	213	278	201	172	161	260	239	0	194	216	176	144	214	229	320	240	174	217	317	283	250	266	319	298	244	252	479	260	251	248	282	238	252	368	315	791	296	22400	488	684	810	507	308	814	484	252	22776	620	965	252	178	877	595	908	754	892	257	22467	291	27385	22196	22444	22190	379	22459	27392	27401	305	359	333	305	442	326	321	410	250	692	342	331	523	805	1087	1223	878	1227	955	1050
13-4-32.snps.consensus.subs.fa	192	236	175	168	189	164	199	310	190	193	234	190	284	177	668	254	617	617	619	200	190	137	173	341	220	158	124	167	244	120	122	181	172	194	0	188	114	138	160	141	277	219	137	158	257	219	170	170	258	233	172	279	436	215	214	202	250	201	183	390	232	751	329	22433	446	616	847	471	240	759	437	186	22823	553	949	184	118	787	530	944	693	922	179	22455	203	27502	22285	22437	22279	254	22514	27499	27508	240	299	210	264	335	225	269	297	191	606	247	213	402	753	1087	1256	930	1262	981	1086
13-4-33.snps.consensus.subs.fa	268	265	245	241	236	241	269	377	246	237	293	235	381	257	709	317	662	669	663	283	304	250	246	449	265	202	252	293	206	230	233	282	277	216	188	0	234	232	251	271	355	312	253	270	292	313	267	245	316	309	280	241	507	283	272	279	336	268	269	318	284	838	279	22405	505	696	762	579	284	843	526	274	22819	642	986	275	243	830	638	845	743	831	294	22481	309	27425	22208	22469	22205	349	22473	27423	27434	320	351	319	353	410	323	353	389	232	681	336	329	459	861	1068	1164	819	1166	878	991
13-4-35.snps.consensus.subs.fa	166	202	182	146	167	147	182	290	195	187	214	166	256	173	643	228	613	601	601	185	158	110	150	315	205	133	131	193	251	69	100	165	152	176	114	234	0	97	127	153	241	197	137	139	235	229	188	185	243	209	176	284	406	197	187	198	230	176	173	398	237	740	310	22415	451	607	865	461	221	781	422	175	22803	575	934	168	98	823	549	973	711	961	180	22429	201	27488	22266	22422	22258	283	22492	27488	27497	225	289	244	250	355	253	263	326	173	624	262	247	425	767	1113	1286	961	1288	1015	1115
13-4VP.snps.consensus.subs.fa	182	201	185	171	178	162	185	314	199	202	218	194	256	151	652	240	633	612	616	220	157	114	146	309	226	152	149	223	247	98	77	197	196	144	138	232	97	0	150	165	252	213	161	136	252	253	196	208	257	230	195	284	381	202	178	201	246	176	181	386	253	765	324	22400	471	633	880	475	244	801	458	191	22764	604	946	196	116	852	577	999	739	985	209	22409	237	27472	22249	22398	22247	320	22468	27469	27478	246	303	280	256	378	274	271	339	177	651	288	281	462	787	1128	1306	971	1316	1044	1139
13-5-45.snps.consensus.subs.fa	144	183	158	129	140	131	162	263	165	146	187	146	291	210	613	202	575	571	573	168	198	153	187	352	196	183	178	252	252	125	144	149	134	214	160	251	127	150	0	202	211	261	182	176	211	223	168	171	236	195	152	257	441	179	161	177	223	149	148	381	213	706	295	22379	423	603	832	443	211	735	395	160	22787	563	912	148	143	786	533	938	692	918	159	22442	174	27461	22239	22421	22227	254	22494	27463	27472	200	261	229	238	327	232	243	299	146	597	237	242	401	742	1083	1254	912	1246	968	1080
13-7-61.snps.consensus.subs.fa	213	262	215	200	226	203	217	256	233	232	249	237	318	237	699	291	642	653	647	156	190	155	211	373	168	198	64	146	205	147	157	138	133	229	141	271	153	165	202	0	195	179	155	103	286	273	236	233	301	275	220	338	453	244	241	238	211	226	202	450	256	692	345	22401	397	655	913	417	178	805	472	225	22821	536	986	123	150	766	512	1020	685	994	212	22491	229	27456	22254	22478	22254	308	22551	27453	27462	295	320	263	290	399	277	302	364	218	652	313	277	380	795	1133	1320	1005	1322	1045	1160
13-8-72.snps.consensus.subs.fa	248	258	245	215	239	228	223	246	241	223	263	219	365	296	671	303	664	640	654	164	208	260	253	422	174	315	203	263	254	241	253	179	162	320	277	355	241	252	211	195	0	246	268	190	317	303	269	274	305	307	269	332	510	274	280	272	239	261	250	414	291	736	355	22300	422	697	910	463	200	833	520	254	22760	577	978	164	250	801	547	1007	697	985	234	22483	263	27415	22151	22463	22141	351	22533	27412	27421	299	317	303	321	395	305	342	395	257	661	347	324	415	841	1100	1309	979	1316	1030	1139
13-9-85.snps.consensus.subs.fa	288	308	245	261	257	254	255	341	258	294	311	280	384	253	698	337	670	661	664	217	257	222	253	433	217	267	167	185	254	186	206	214	206	240	219	312	197	213	261	179	246	0	191	147	346	267	276	253	349	333	286	357	517	278	288	281	232	287	282	466	325	744	395	22357	446	704	892	461	245	809	512	295	22803	508	978	202	216	734	472	958	650	934	274	22494	294	27395	22211	22472	22203	336	22543	27404	27413	322	360	293	348	412	326	348	397	293	667	340	291	402	766	1143	1251	935	1265	994	1088
13-9-86.snps.consensus.subs.fa	212	241	201	175	199	164	162	322	202	199	254	197	338	244	652	285	602	605	597	197	226	171	189	383	212	201	135	184	234	140	146	179	175	174	137	253	137	161	182	155	268	191	0	145	271	199	208	192	273	260	199	315	471	223	210	198	230	198	194	444	240	711	330	22398	417	639	872	433	238	781	426	213	22815	550	941	179	125	765	511	934	667	922	191	22478	191	27448	22241	22457	22229	271	22529	27448	27457	267	279	233	280	386	281	276	358	220	601	307	240	411	753	1085	1258	926	1261	974	1082
13-9-88.snps.consensus.subs.fa	224	252	214	208	216	190	191	279	226	228	273	223	317	212	689	294	649	644	636	154	191	157	174	351	162	177	87	133	161	129	113	149	133	217	158	270	139	136	176	103	190	147	145	0	285	255	236	215	289	276	215	333	447	229	235	223	182	228	219	443	257	706	325	22367	407	641	924	427	193	836	478	223	22796	532	989	143	131	762	500	1001	662	985	199	22471	224	27451	22220	22455	22220	305	22529	27449	27458	293	304	257	307	400	302	306	374	227	646	329	259	376	803	1120	1314	980	1318	1037	1135
5A-1.snps.consensus.subs.fa	213	199	217	197	194	186	201	234	202	195	169	185	387	295	612	224	579	557	578	257	305	277	263	481	232	321	276	257	321	246	250	246	241	317	257	292	235	252	211	286	317	346	271	285	0	245	194	178	210	114	180	261	476	178	157	187	228	164	166	276	205	757	319	22340	432	613	867	476	202	778	452	191	22767	574	897	241	268	801	576	948	713	937	236	22422	245	27391	22196	22410	22177	295	22481	27402	27410	248	256	273	265	295	280	275	275	229	620	290	283	409	783	1097	1264	928	1265	984	1092
5A-12.snps.consensus.subs.fa	225	246	169	179	219	187	179	337	198	207	277	207	442	304	618	245	577	577	574	241	326	277	282	477	230	303	243	260	320	235	245	211	201	283	219	313	229	253	223	273	303	267	199	255	245	0	109	131	235	224	147	274	526	170	182	155	175	157	157	387	229	706	345	22373	405	603	823	394	236	724	419	184	22839	502	909	201	242	693	426	884	584	869	183	22480	183	27405	22219	22464	22206	209	22532	27419	27428	211	239	184	213	340	244	220	307	226	556	258	171	346	696	1017	1198	878	1206	924	1030
5A-13.snps.consensus.subs.fa	166	185	139	132	160	137	147	304	162	169	221	157	390	251	600	187	568	555	561	211	261	226	247	424	190	253	215	245	301	193	194	178	165	250	170	267	188	196	168	236	269	276	208	236	194	109	0	69	172	172	98	213	478	113	120	104	148	99	109	328	189	703	305	22390	402	568	814	397	204	699	396	139	22804	507	894	163	196	732	456	892	622	874	150	22465	163	27433	22233	22446	22220	209	22517	27450	27459	203	250	157	196	292	176	201	257	168	534	199	170	348	697	1012	1211	877	1214	929	1033
5A-15.snps.consensus.subs.fa	166	179	133	136	140	121	133	306	147	151	217	141	386	261	588	183	546	543	537	206	267	224	233	429	178	256	204	234	278	195	189	189	162	266	170	245	185	208	171	233	274	253	192	215	178	131	69	0	166	170	92	191	479	106	115	87	144	112	108	308	173	700	286	22370	389	554	814	399	191	716	389	135	22780	485	879	168	202	705	463	872	618	848	156	22445	160	27416	22213	22428	22202	196	22498	27429	27438	197	232	155	204	272	180	198	265	179	526	202	162	319	705	1002	1186	853	1185	901	1011
5A-16.snps.consensus.subs.fa	218	218	208	192	204	177	208	341	225	197	258	186	427	310	618	234	592	581	584	261	313	287	246	472	214	303	272	329	328	256	251	244	229	319	258	316	243	257	236	301	305	349	273	289	210	235	172	166	0	224	180	257	523	180	180	169	224	181	167	348	221	641	318	22389	438	611	882	485	225	802	458	182	22785	578	903	236	269	808	563	955	696	939	227	22427	240	27377	22242	22437	22233	304	22426	27389	27398	253	276	255	257	354	272	268	341	229	613	278	268	418	788	1096	1269	940	1268	998	1095
5A-18.snps.consensus.subs.fa	186	199	187	162	179	175	193	217	213	196	159	185	380	278	637	199	601	578	586	235	291	253	274	452	235	286	259	241	329	217	236	229	214	298	233	309	209	230	195	275	307	333	260	276	114	224	172	170	224	0	153	240	479	178	142	179	195	138	147	287	201	732	325	22374	448	603	855	469	221	772	430	169	22793	564	925	210	249	824	548	970	705	953	215	22456	228	27427	22227	22447	22202	278	22511	27443	27451	234	285	246	243	274	250	268	254	201	626	247	253	424	759	1112	1285	952	1290	996	1118
5A-19.snps.consensus.subs.fa	156	202	142	130	143	116	144	289	176	155	202	151	372	263	588	171	545	538	532	194	255	212	229	409	201	236	209	262	291	187	189	168	147	244	172	280	176	195	152	220	269	286	199	215	180	147	98	92	180	153	0	233	464	102	93	79	132	93	87	336	170	689	297	22379	386	569	816	375	190	720	373	117	22798	509	878	167	188	741	475	906	642	888	148	22442	161	27432	22222	22423	22217	213	22500	27444	27453	177	236	178	192	312	189	197	271	156	565	212	183	363	700	1031	1228	889	1233	933	1045
5A-2.snps.consensus.subs.fa	241	224	229	222	223	209	244	351	243	249	295	232	403	313	650	254	627	612	627	298	330	313	320	514	281	240	336	371	280	282	284	295	276	252	279	241	284	284	257	338	332	357	315	333	261	274	213	191	257	240	233	0	491	239	213	233	284	220	221	201	256	802	284	22325	493	659	804	529	267	804	493	240	22728	597	944	281	323	851	598	899	740	885	281	22450	286	27324	22109	22431	22095	325	22417	27347	27356	289	341	287	295	365	288	318	358	275	646	283	299	451	815	1049	1219	873	1212	946	1051
5A-20.snps.consensus.subs.fa	438	469	495	455	457	462	492	514	490	495	459	475	332	371	862	491	871	835	866	498	406	362	440	552	515	467	453	532	547	396	412	513	499	479	436	507	406	381	441	453	510	517	471	447	476	526	478	479	523	479	464	491	0	469	447	478	528	449	445	575	496	1004	593	22425	726	894	1106	752	504	1034	721	467	22764	876	1173	495	413	1104	839	1256	1014	1236	498	22413	519	27539	22284	22380	22284	573	22470	27514	27523	503	569	543	523	637	532	552	608	456	924	524	558	712	1059	1400	1562	1224	1557	1280	1392
5A-4.snps.consensus.subs.fa	175	198	169	153	155	144	148	301	189	170	212	150	370	255	572	185	548	523	539	224	276	230	244	424	206	262	233	265	290	194	203	194	181	260	215	283	197	202	179	244	274	278	223	229	178	170	113	106	180	178	102	239	469	0	115	61	139	111	108	328	178	695	292	22352	398	586	813	406	197	729	383	128	22781	536	863	185	213	735	482	896	630	874	172	22441	176	27414	22201	22420	22196	236	22495	27429	27438	193	247	195	209	308	220	203	283	176	568	241	198	365	720	1033	1202	877	1209	932	1033
5A-5.snps.consensus.subs.fa	153	176	160	141	137	112	143	280	160	156	196	140	367	252	583	159	547	531	535	201	262	213	226	420	197	253	234	292	290	191	192	191	186	251	214	272	187	178	161	241	280	288	210	235	157	182	120	115	180	142	93	213	447	115	0	108	157	72	108	318	164	706	294	22349	402	574	816	407	197	733	401	139	22762	518	877	188	211	778	507	918	677	904	183	22426	194	27405	22198	22410	22191	245	22481	27422	27431	195	244	215	201	310	215	219	287	157	581	223	216	380	720	1051	1230	895	1235	950	1063
5A-6.snps.consensus.subs.fa	166	197	153	128	150	121	147	303	190	159	199	149	373	264	583	186	545	544	540	224	271	231	229	420	194	256	219	261	290	195	192	191	171	248	202	279	198	201	177	238	272	281	198	223	187	155	104	87	169	179	79	233	478	61	108	0	119	96	103	334	176	705	293	22373	390	579	826	401	197	727	397	119	22789	527	878	175	206	733	475	903	627	881	160	22450	168	27419	22215	22433	22210	237	22504	27434	27443	196	230	181	195	312	207	195	287	178	550	229	188	356	718	1017	1203	884	1212	934	1036
5A-7.snps.consensus.subs.fa	211	243	186	181	202	172	173	270	222	214	252	202	433	321	637	228	601	590	586	187	320	264	284	467	159	295	190	224	262	234	238	162	136	282	250	336	230	246	223	211	239	232	230	182	228	175	148	144	224	195	132	284	528	139	157	119	0	133	141	393	225	671	331	22328	365	618	850	376	168	766	434	170	22801	475	918	144	242	709	422	929	592	917	189	22482	189	27370	22175	22468	22170	255	22534	27383	27392	243	273	214	247	357	254	241	325	215	601	273	216	330	733	1062	1250	915	1266	961	1065
5A-8.snps.consensus.subs.fa	143	177	147	127	136	117	135	284	171	150	197	150	357	251	587	168	548	532	540	200	252	221	231	416	196	249	219	278	304	178	187	173	161	238	201	268	176	176	149	226	261	287	198	228	164	157	99	112	181	138	93	220	449	111	72	96	133	0	84	329	163	698	286	22365	384	567	813	398	186	713	395	121	22786	508	877	161	187	760	489	910	656	894	156	22444	168	27416	22213	22428	22208	223	22501	27435	27444	191	235	195	196	301	202	203	276	143	569	223	202	366	700	1029	1231	893	1240	940	1051
5A-9.snps.consensus.subs.fa	143	186	148	117	145	112	138	272	161	149	186	148	351	252	583	174	544	541	539	201	250	196	235	400	187	231	197	260	297	168	191	171	160	252	183	269	173	181	148	202	250	282	194	219	166	157	109	108	167	147	87	221	445	108	108	103	141	84	0	326	154	674	275	22359	383	557	793	387	168	707	365	94	22773	507	878	152	184	730	468	895	635	881	149	22447	151	27421	22207	22430	22205	195	22506	27433	27442	182	224	165	179	293	180	184	246	139	564	208	178	335	697	1034	1216	881	1221	933	1031
5D-62.snps.consensus.subs.fa	357	329	344	344	340	340	350	347	322	327	305	313	483	383	675	350	715	681	704	385	433	428	368	561	368	353	449	394	369	392	396	410	393	368	390	318	398	386	381	450	414	466	444	443	276	387	328	308	348	287	336	201	575	328	318	334	393	329	326	0	341	893	379	22338	575	764	846	644	363	902	603	326	22759	704	1003	401	436	933	705	954	838	939	393	22480	398	27357	22124	22474	22103	426	22464	27372	27380	359	410	392	389	373	385	427	385	373	751	391	404	541	917	1079	1261	918	1266	988	1096
AR00-128.snps.consensus.subs.fa	197	198	181	185	190	182	192	289	196	191	227	169	382	291	547	179	530	503	505	218	288	264	257	463	194	305	253	312	307	239	244	213	205	315	232	284	237	253	213	256	291	325	240	257	205	229	189	173	221	201	170	256	496	178	164	176	225	163	154	341	0	665	291	22317	309	555	801	446	146	708	413	133	22780	486	842	195	258	701	476	890	630	874	197	22434	208	27376	22176	22416	22172	202	22490	27391	27400	199	198	169	208	275	192	217	250	193	541	220	190	304	710	1018	1203	876	1205	922	1028
AR00-36.snps.consensus.subs.fa	730	747	716	705	729	717	694	739	730	735	748	733	900	805	526	711	482	476	485	654	808	773	816	968	695	806	689	739	759	734	760	636	653	791	751	838	740	765	706	692	736	744	711	706	757	706	703	700	641	732	689	802	1004	695	706	705	671	698	674	893	665	0	770	22078	499	1013	630	435	629	546	364	665	22924	748	813	643	753	490	701	718	624	702	712	22683	714	27385	22150	22688	22145	718	22680	27402	27411	715	742	695	738	709	718	747	667	716	999	658	689	670	804	1484	1031	694	1029	742	859
AR01-1155.snps.consensus.subs.fa	277	283	271	268	274	254	271	389	271	273	310	257	481	371	663	340	630	612	613	298	383	345	342	520	283	288	324	387	294	315	323	299	271	296	329	279	310	324	295	345	355	395	330	325	319	345	305	286	318	325	297	284	593	292	294	293	331	286	275	379	291	770	0	22311	493	610	771	505	290	781	475	280	22802	581	942	284	331	789	597	841	677	823	283	22539	314	27456	22182	22524	22180	382	22533	27459	27468	353	353	336	378	448	350	386	434	290	622	354	359	497	797	1010	1130	814	1141	875	977
AR01-215.snps.consensus.subs.fa	22389	22359	22358	22388	22380	22375	22352	22311	22346	22365	22394	22355	22406	22387	22000	22330	22010	22011	22015	22313	22407	22406	22378	22424	22330	22424	22394	22395	22374	22407	22409	22349	22348	22400	22433	22405	22415	22400	22379	22401	22300	22357	22398	22367	22340	22373	22390	22370	22389	22374	22379	22325	22425	22352	22349	22373	22328	22365	22359	22338	22317	22078	22311	0	22134	22602	21837	22082	22296	21847	22108	22360	19453	22008	21741	22353	22434	21933	22101	21891	21996	21878	22382	22859	22384	27316	780	22822	820	22398	22886	27332	27339	22354	22313	22390	22370	22289	22361	22382	22323	22368	22634	22332	22393	22274	21844	22805	22153	21884	22183	21846	21735
AR01-673.snps.consensus.subs.fa	416	430	404	391	415	395	404	447	398	396	463	396	617	516	446	419	419	412	398	361	499	472	459	663	343	507	395	457	442	451	453	358	349	488	446	505	451	471	423	397	422	446	417	407	432	405	402	389	438	448	386	493	726	398	402	390	365	384	383	575	309	499	493	22134	0	771	668	331	302	578	382	349	22890	481	714	356	461	493	474	757	519	733	404	22551	428	27371	22095	22533	22094	430	22602	27388	27397	414	394	377	430	466	390	428	450	426	744	369	400	445	646	1215	1062	727	1064	781	881
AR01-802.snps.consensus.subs.fa	593	604	590	578	591	560	587	707	599	597	630	583	784	691	889	574	861	847	850	623	678	650	646	760	621	672	637	689	707	608	612	612	606	684	616	696	607	633	603	655	697	704	639	641	613	603	568	554	611	603	569	659	894	586	574	579	618	567	557	764	555	1013	610	22602	771	0	1140	776	572	1048	721	527	22752	839	1184	610	622	1048	868	1201	967	1187	582	22763	612	27707	22471	22750	22469	615	22822	27720	27729	563	512	566	573	669	569	579	648	590	198	577	569	724	1002	679	847	1184	852	1184	1344
AR01-912.snps.consensus.subs.fa	830	869	824	813	831	831	847	904	814	820	846	817	1003	882	514	796	497	483	488	850	918	898	881	1042	893	844	895	919	884	858	891	856	855	810	847	762	865	880	832	913	910	892	872	924	867	823	814	814	882	855	816	804	1106	813	816	826	850	813	793	846	801	630	771	21837	668	1140	0	662	831	215	511	782	22934	619	592	855	890	440	603	200	476	186	854	22696	858	27369	21888	22681	21890	852	22687	27379	27390	791	848	823	850	764	826	843	749	810	1127	741	830	821	638	1485	503	172	510	249	328
AR96-360.snps.consensus.subs.fa	449	485	425	415	453	412	409	500	453	461	500	443	667	541	428	468	387	387	374	390	536	494	528	697	404	522	409	464	498	470	482	364	372	507	471	579	461	475	443	417	463	461	433	427	476	394	397	399	485	469	375	529	752	406	407	401	376	398	387	644	446	435	505	22082	331	776	662	0	401	574	225	418	22872	630	725	363	474	521	594	757	513	739	425	22590	435	27432	22093	22570	22090	497	22643	27446	27455	475	495	459	472	602	482	486	564	439	768	432	461	577	701	1232	1065	733	1067	787	885
AR99-1024.snps.consensus.subs.fa	201	190	183	178	190	174	183	227	183	182	219	176	381	294	570	198	541	528	537	147	291	255	263	460	133	304	183	239	232	226	233	134	138	308	240	284	221	244	211	178	200	245	238	193	202	236	204	191	225	221	190	267	504	197	197	197	168	186	168	363	146	629	290	22296	302	572	831	401	0	734	406	155	22768	447	865	140	250	682	444	906	594	888	202	22458	217	27352	22150	22446	22148	243	22513	27367	27376	214	222	210	229	322	232	237	291	212	554	248	224	287	722	1033	1221	896	1229	944	1048
AR99-1107.snps.consensus.subs.fa	740	766	731	726	748	736	762	848	757	757	775	749	926	814	469	720	435	428	438	790	826	806	821	988	801	851	813	845	896	769	804	764	765	814	759	843	781	801	735	805	833	809	781	836	778	724	699	716	802	772	720	804	1034	729	733	727	766	713	707	902	708	546	781	21847	578	1048	215	574	734	0	440	699	22913	524	530	754	781	370	501	330	432	314	766	22641	768	27394	21942	22618	21937	762	22688	27410	27419	743	779	728	759	698	724	760	666	752	1026	666	739	716	543	1512	644	320	643	367	482
AR99-190.snps.consensus.subs.fa	406	450	426	388	415	393	411	531	441	424	446	416	606	518	318	415	276	271	279	447	501	466	509	671	472	499	457	506	547	415	456	417	409	484	437	526	422	458	395	472	520	512	426	478	452	419	396	389	458	430	373	493	721	383	401	397	434	395	365	603	413	364	475	22108	382	721	511	225	406	440	0	359	22857	578	609	414	450	466	539	613	457	597	415	22548	416	27403	22130	22529	22124	444	22606	27413	27422	410	486	406	445	538	419	450	495	414	718	362	416	586	596	1206	924	594	927	651	758
AR99-84.snps.consensus.subs.fa	153	183	151	127	156	125	165	278	182	172	177	153	349	254	566	149	539	522	516	204	241	212	238	403	199	235	208	265	290	178	196	183	157	252	186	274	175	191	160	225	254	295	213	223	191	184	139	135	182	169	117	240	467	128	139	119	170	121	94	326	133	665	280	22360	349	527	782	418	155	699	359	0	22771	496	852	175	192	724	453	896	615	880	154	22442	175	27418	22221	22427	22219	200	22499	27433	27442	158	198	158	173	272	156	172	228	159	535	189	161	336	690	1013	1206	868	1207	929	1028
ARL04-446.snps.consensus.subs.fa	22803	22740	22795	22786	22767	22776	22783	22787	22787	22782	22807	22768	22756	22759	22864	22750	22878	22871	22878	22794	22767	22787	22757	22836	22794	22785	22818	22850	22815	22795	22778	22824	22823	22776	22823	22819	22803	22764	22787	22821	22760	22803	22815	22796	22767	22839	22804	22780	22785	22793	22798	22728	22764	22781	22762	22789	22801	22786	22773	22759	22780	22924	22802	19453	22890	22752	22934	22872	22768	22913	22857	22771	0	22849	22888	22821	22813	22994	22890	22995	22946	22982	22815	23370	22826	27944	19268	23347	19279	22849	23371	27954	27964	22774	22779	22843	22772	22803	22788	22807	22834	22815	22802	22819	22845	22874	22880	22975	22955	22981	22979	22981	23010
ARL04-506.snps.consensus.subs.fa	553	570	501	540	539	522	537	601	519	549	605	537	757	636	670	536	643	627	626	503	639	604	618	802	497	643	524	563	595	578	576	490	472	620	553	642	575	604	563	536	577	508	550	532	574	502	507	485	578	564	509	597	876	536	518	527	475	508	507	704	486	748	581	22008	481	839	619	630	447	524	578	496	22849	0	758	480	585	585	183	638	339	622	533	22630	551	27268	21983	22614	21981	522	22685	27284	27293	535	543	475	547	602	501	553	588	552	815	524	486	577	454	1293	905	623	922	675	776
ARL08-192.snps.consensus.subs.fa	909	897	914	887	877	880	914	994	893	874	938	855	1078	962	478	834	470	458	465	920	995	975	921	1126	928	1007	979	1041	1012	930	942	922	931	965	949	986	934	946	912	986	978	978	941	989	897	909	894	879	903	925	878	944	1173	863	877	878	918	877	878	1003	842	813	942	21741	714	1184	592	725	865	530	609	852	22888	758	0	938	966	719	753	673	653	655	935	22773	951	27521	21748	22754	21745	960	22826	27544	27552	879	899	929	919	948	892	906	952	916	1199	843	936	999	483	1655	953	652	986	696	492
EF13-2-12.snps.consensus.subs.fa	150	190	151	128	159	142	145	201	176	173	207	158	350	265	640	230	603	595	596	102	239	207	237	404	95	239	111	189	210	167	196	74	60	252	184	275	168	196	148	123	164	202	179	143	241	201	163	168	236	210	167	281	495	185	188	175	144	161	152	401	195	643	284	22353	356	610	855	363	140	754	414	175	22821	480	938	0	185	724	443	962	616	942	149	22512	166	27413	22204	22492	22188	246	22561	27422	27431	227	263	200	249	344	228	259	318	159	585	253	220	326	737	1066	1274	953	1276	999	1104
EF13-4-31.snps.consensus.subs.fa	192	230	195	183	201	173	198	335	224	200	241	201	289	199	679	271	644	637	633	212	175	113	162	321	231	163	132	198	260	96	108	191	177	178	118	243	98	116	143	150	250	216	125	131	268	242	196	202	269	249	188	323	413	213	211	206	242	187	184	436	258	753	331	22434	461	622	890	474	250	781	450	192	22813	585	966	185	0	811	545	979	716	959	172	22455	197	27510	22282	22431	22276	283	22507	27509	27518	262	291	239	272	387	253	267	346	187	635	285	245	434	787	1112	1293	957	1301	1010	1126
IV12.snps.consensus.subs.fa	812	822	758	776	777	765	753	839	766	764	834	765	1012	880	512	788	462	474	462	736	879	854	862	976	724	894	748	763	808	818	823	724	726	877	787	830	823	852	786	766	801	734	765	762	801	693	732	705	808	824	741	851	1104	735	778	733	709	760	730	933	701	490	789	21933	493	1048	440	521	682	370	466	724	22994	585	719	724	811	0	509	442	386	418	760	22676	737	27429	22037	22658	22033	619	22730	27437	27449	746	717	676	737	695	747	735	679	756	979	680	674	465	671	1450	737	435	748	468	582
IV18.snps.consensus.subs.fa	537	574	490	511	533	506	499	576	514	541	576	523	740	620	658	523	633	623	622	482	618	583	617	763	485	617	495	516	579	553	562	457	445	595	530	638	549	577	533	512	547	472	511	500	576	426	456	463	563	548	475	598	839	482	507	475	422	489	468	705	476	701	597	22101	474	868	603	594	444	501	539	453	22890	183	753	443	545	509	0	644	252	625	491	22620	475	27283	22013	22603	22010	438	22676	27295	27304	480	499	407	496	588	464	483	556	520	805	503	407	506	477	1274	948	636	971	673	779
IV22.snps.consensus.subs.fa	965	958	922	928	920	907	911	1030	904	891	989	888	1158	1015	595	911	559	572	575	948	1041	1014	964	1168	941	954	999	1003	906	977	985	955	947	908	944	845	973	999	938	1020	1007	958	934	1001	948	884	892	872	955	970	906	899	1256	896	918	903	929	910	895	954	890	718	841	21891	757	1201	200	757	906	330	613	896	22995	638	673	962	979	442	644	0	504	74	934	22758	915	27374	21959	22737	21949	909	22743	27385	27396	868	868	882	922	836	925	907	852	930	1164	839	884	821	669	1524	438	114	461	147	278
IV23.snps.consensus.subs.fa	693	716	634	662	687	664	660	740	666	677	735	670	917	764	569	666	525	519	518	647	778	759	756	939	628	779	651	666	710	722	725	618	605	754	693	743	711	739	692	685	697	650	667	662	713	584	622	618	696	705	642	740	1014	630	677	627	592	656	635	838	630	624	677	21996	519	967	476	513	594	432	457	615	22946	339	653	616	716	386	252	504	0	485	661	22685	631	27345	22032	22667	22028	602	22734	27354	27365	635	642	573	645	753	646	651	719	660	887	588	583	658	534	1359	816	489	823	540	643
IV30.snps.consensus.subs.fa	951	940	904	910	896	893	897	1011	884	873	964	872	1142	997	575	899	545	556	559	926	1027	996	954	1148	921	936	971	978	890	959	971	935	927	892	922	831	961	985	918	994	985	934	922	985	937	869	874	848	939	953	888	885	1236	874	904	881	917	894	881	939	874	702	823	21878	733	1187	186	739	888	314	597	880	22982	622	655	942	959	418	625	74	485	0	914	22739	897	27361	21945	22717	21935	889	22724	27372	27383	851	849	864	899	805	899	884	833	910	1146	821	868	809	653	1504	406	78	429	97	258
TV102.snps.consensus.subs.fa	156	205	154	135	165	135	151	286	175	167	202	160	367	278	638	237	612	597	601	169	242	210	253	413	185	244	182	242	284	176	188	150	139	257	179	294	180	209	159	212	234	274	191	199	236	183	150	156	227	215	148	281	498	172	183	160	189	156	149	393	197	712	283	22382	404	582	854	425	202	766	415	154	22815	533	935	149	172	760	491	934	661	914	0	22489	76	27463	22236	22471	22234	238	22542	27463	27472	233	258	182	243	331	211	241	290	125	577	252	185	378	730	1050	1240	921	1250	970	1075
TV103.snps.consensus.subs.fa	22454	22423	22457	22453	22422	22437	22451	22517	22463	22459	22462	22449	22420	22407	22583	22425	22577	22568	22575	22489	22430	22437	22429	22481	22483	22468	22494	22527	22511	22446	22421	22493	22501	22467	22455	22481	22429	22409	22442	22491	22483	22494	22478	22471	22422	22480	22465	22445	22427	22456	22442	22450	22413	22441	22426	22450	22482	22444	22447	22480	22434	22683	22539	22859	22551	22763	22696	22590	22458	22641	22548	22442	23370	22630	22773	22512	22455	22676	22620	22758	22685	22739	22489	0	22481	15110	22741	78	22721	22484	168	15054	15064	22410	22427	22500	22417	22493	22487	22428	22502	22463	22813	22462	22488	22540	22750	23040	23048	22738	23050	22735	22898
TV105.snps.consensus.subs.fa	183	230	179	156	188	156	162	294	198	179	223	183	394	300	657	251	619	614	616	194	273	227	280	441	202	273	202	252	298	201	223	170	164	291	203	309	201	237	174	229	263	294	191	224	245	183	163	160	240	228	161	286	519	176	194	168	189	168	151	398	208	714	314	22384	428	612	858	435	217	768	416	175	22826	551	951	166	197	737	475	915	631	897	76	22481	0	27439	22237	22466	22227	210	22538	27449	27458	233	264	181	248	338	230	236	300	149	575	259	194	358	751	1051	1232	902	1231	946	1063
TV106.snps.consensus.subs.fa	27440	27391	27427	27431	27392	27416	27404	27419	27425	27438	27448	27426	27491	27488	27400	27390	27413	27396	27413	27404	27476	27503	27479	27567	27382	27430	27457	27471	27352	27488	27481	27404	27414	27385	27502	27425	27488	27472	27461	27456	27415	27395	27448	27451	27391	27405	27433	27416	27377	27427	27432	27324	27539	27414	27405	27419	27370	27416	27421	27357	27376	27385	27456	27316	27371	27707	27369	27432	27352	27394	27403	27418	27944	27268	27521	27413	27510	27429	27283	27374	27345	27361	27463	15110	27439	0	27175	15120	27156	27419	15050	96	105	27368	27353	27430	27362	27418	27442	27366	27430	27442	27717	27426	27422	27388	27479	27784	27660	27365	27661	27361	27524
TV112.snps.consensus.subs.fa	22239	22201	22202	22237	22221	22224	22192	22166	22189	22211	22251	22208	22261	22247	22009	22186	22019	22018	22024	22170	22260	22264	22224	22282	22181	22203	22241	22249	22162	22263	22254	22197	22197	22196	22285	22208	22266	22249	22239	22254	22151	22211	22241	22220	22196	22219	22233	22213	22242	22227	22222	22109	22284	22201	22198	22215	22175	22213	22207	22124	22176	22150	22182	780	22095	22471	21888	22093	22150	21942	22130	22221	19268	21983	21748	22204	22282	22037	22013	21959	22032	21945	22236	22741	22237	27175	0	22709	79	22256	22686	27180	27186	22205	22172	22245	22220	22187	22218	22238	22222	22248	22492	22226	22251	22175	21802	22598	22221	21956	22255	21921	21804
TV121.snps.consensus.subs.fa	22438	22405	22437	22435	22402	22418	22431	22507	22448	22437	22452	22431	22401	22389	22564	22409	22560	22549	22559	22471	22412	22420	22411	22462	22474	22455	22478	22516	22491	22430	22407	22479	22479	22444	22437	22469	22422	22398	22421	22478	22463	22472	22457	22455	22410	22464	22446	22428	22437	22447	22423	22431	22380	22420	22410	22433	22468	22428	22430	22474	22416	22688	22524	22822	22533	22750	22681	22570	22446	22618	22529	22427	23347	22614	22754	22492	22431	22658	22603	22737	22667	22717	22471	78	22466	15120	22709	0	22682	22467	200	15069	15079	22388	22403	22484	22395	22479	22469	22406	22486	22445	22791	22444	22472	22529	22736	23024	23032	22717	23037	22717	22886
TV126.snps.consensus.subs.fa	22239	22187	22194	22223	22207	22210	22178	22139	22187	22197	22230	22194	22261	22247	22006	22173	22011	22015	22021	22162	22260	22264	22218	22282	22171	22197	22235	22222	22148	22255	22254	22189	22183	22190	22279	22205	22258	22247	22227	22254	22141	22203	22229	22220	22177	22206	22220	22202	22233	22202	22217	22095	22284	22196	22191	22210	22170	22208	22205	22103	22172	22145	22180	820	22094	22469	21890	22090	22148	21937	22124	22219	19279	21981	21745	22188	22276	22033	22010	21949	22028	21935	22234	22721	22227	27156	79	22682	0	22248	22660	27165	27168	22189	22164	22235	22212	22162	22216	22228	22201	22247	22476	22217	22241	22167	21801	22591	22223	21952	22251	21916	21806
TV13.snps.consensus.subs.fa	267	310	232	247	260	242	226	364	242	259	311	256	479	357	679	273	638	638	634	278	364	313	358	459	283	356	287	303	375	284	305	256	248	379	254	349	283	320	254	308	351	336	271	305	295	209	209	196	304	278	213	325	573	236	245	237	255	223	195	426	202	718	382	22398	430	615	852	497	243	762	444	200	22849	522	960	246	283	619	438	909	602	889	238	22484	210	27419	22256	22467	22248	0	22547	27430	27440	205	242	125	201	288	199	212	252	247	530	226	122	220	707	1001	1222	898	1229	930	1053
TV135.snps.consensus.subs.fa	22497	22470	22510	22498	22469	22490	22504	22573	22518	22510	22519	22499	22478	22464	22638	22474	22634	22623	22630	22542	22482	22492	22478	22541	22545	22445	22547	22582	22499	22504	22476	22551	22552	22459	22514	22473	22492	22468	22494	22551	22533	22543	22529	22529	22481	22532	22517	22498	22426	22511	22500	22417	22470	22495	22481	22504	22534	22501	22506	22464	22490	22680	22533	22886	22602	22822	22687	22643	22513	22688	22606	22499	23371	22685	22826	22561	22507	22730	22676	22743	22734	22724	22542	168	22538	15050	22686	200	22660	22547	0	15009	15020	22461	22477	22558	22472	22552	22545	22480	22561	22524	22866	22522	22553	22599	22809	23037	23038	22720	23040	22725	22890
TV147.snps.consensus.subs.fa	27445	27404	27434	27440	27403	27423	27408	27425	27428	27445	27452	27434	27493	27489	27426	27417	27438	27421	27440	27406	27478	27501	27484	27563	27385	27430	27449	27463	27355	27491	27481	27405	27419	27392	27499	27423	27488	27469	27463	27453	27412	27404	27448	27449	27402	27419	27450	27429	27389	27443	27444	27347	27514	27429	27422	27434	27383	27435	27433	27372	27391	27402	27459	27332	27388	27720	27379	27446	27367	27410	27413	27433	27954	27284	27544	27422	27509	27437	27295	27385	27354	27372	27463	15054	27449	96	27180	15069	27165	27430	15009	0	32	27386	27368	27441	27383	27431	27455	27393	27446	27445	27734	27441	27434	27398	27496	27798	27667	27378	27669	27370	27532
TV148.snps.consensus.subs.fa	27454	27413	27443	27449	27412	27432	27417	27433	27437	27454	27460	27443	27502	27498	27435	27426	27447	27430	27449	27415	27487	27510	27493	27573	27394	27439	27458	27471	27364	27500	27490	27414	27428	27401	27508	27434	27497	27478	27472	27462	27421	27413	27457	27458	27410	27428	27459	27438	27398	27451	27453	27356	27523	27438	27431	27443	27392	27444	27442	27380	27400	27411	27468	27339	27397	27729	27390	27455	27376	27419	27422	27442	27964	27293	27552	27431	27518	27449	27304	27396	27365	27383	27472	15064	27458	105	27186	15079	27168	27440	15020	32	0	27395	27377	27450	27392	27439	27463	27402	27454	27456	27743	27450	27443	27408	27505	27807	27677	27389	27680	27381	27543
TV154.snps.consensus.subs.fa	214	235	214	181	201	193	200	293	218	196	249	182	406	306	575	183	554	543	554	233	309	269	267	414	269	297	281	318	340	230	255	221	218	305	240	320	225	246	200	295	299	322	267	293	248	211	203	197	253	234	177	289	503	193	195	196	243	191	182	359	199	715	353	22354	414	563	791	475	214	743	410	158	22774	535	879	227	262	746	480	868	635	851	233	22410	233	27368	22205	22388	22189	205	22461	27386	27395	0	142	195	153	267	211	158	263	217	562	202	190	352	704	1019	1190	853	1188	907	1023
TV163.snps.consensus.subs.fa	278	271	236	245	252	230	227	338	232	218	299	206	481	352	601	247	577	572	565	256	372	331	278	414	265	360	298	341	333	299	290	264	259	359	299	351	289	303	261	320	317	360	279	304	256	239	250	232	276	285	236	341	569	247	244	230	273	235	224	410	198	742	353	22313	394	512	848	495	222	779	486	198	22779	543	899	263	291	717	499	868	642	849	258	22427	264	27353	22172	22403	22164	242	22477	27368	27377	142	0	221	202	296	256	202	306	264	568	272	216	332	686	1009	1189	852	1201	847	1021
TV19.snps.consensus.subs.fa	225	276	193	200	232	197	197	337	213	228	273	218	435	319	629	236	604	595	597	240	302	277	306	472	241	307	249	270	327	247	263	211	196	333	210	319	244	280	229	263	303	293	233	257	273	184	157	155	255	246	178	287	543	195	215	181	214	195	165	392	169	695	336	22390	377	566	823	459	210	728	406	158	22843	475	929	200	239	676	407	882	573	864	182	22500	181	27430	22245	22484	22235	125	22558	27441	27450	195	221	0	190	251	126	212	222	215	477	178	71	287	662	953	1193	881	1204	916	1022
TV2.snps.consensus.subs.fa	228	243	215	190	209	188	201	349	246	228	253	215	426	321	618	217	585	582	580	274	311	283	281	467	269	319	286	330	355	256	265	256	247	305	264	353	250	256	238	290	321	348	280	307	265	213	196	204	257	243	192	295	523	209	201	195	247	196	179	389	208	738	378	22370	430	573	850	472	229	759	445	173	22772	547	919	249	272	737	496	922	645	899	243	22417	248	27362	22220	22395	22212	201	22472	27383	27392	153	202	190	0	296	194	145	271	224	561	238	184	357	719	1029	1221	905	1232	972	1071
TV28.snps.consensus.subs.fa	326	356	321	309	315	301	320	350	300	301	308	292	524	401	656	323	640	633	635	341	424	386	371	544	358	416	378	339	451	350	370	340	337	442	335	410	355	378	327	399	395	412	386	400	295	340	292	272	354	274	312	365	637	308	310	312	357	301	293	373	275	709	448	22289	466	669	764	602	322	698	538	272	22803	602	948	344	387	695	588	836	753	805	331	22493	338	27418	22187	22479	22162	288	22552	27431	27439	267	296	251	296	0	261	311	104	325	635	289	266	297	802	1091	1146	828	1150	866	980
TV29.snps.consensus.subs.fa	225	264	204	205	243	210	247	356	233	238	268	233	409	303	633	232	610	599	597	266	280	267	308	464	272	311	279	324	376	249	266	244	226	326	225	323	253	274	232	277	305	326	281	302	280	244	176	180	272	250	189	288	532	220	215	207	254	202	180	385	192	718	350	22361	390	569	826	482	232	724	419	156	22788	501	892	228	253	747	464	925	646	899	211	22487	230	27442	22218	22469	22216	199	22545	27455	27463	211	256	126	194	261	0	235	221	214	532	175	157	347	694	1011	1197	900	1228	944	1056
TV3.snps.consensus.subs.fa	247	267	230	209	221	206	221	364	255	231	266	220	461	343	621	224	592	589	577	289	352	296	308	486	280	325	288	326	375	257	275	261	241	321	269	353	263	271	243	302	342	348	276	306	275	220	201	198	268	268	197	318	552	203	219	195	241	203	184	427	217	747	386	22382	428	579	843	486	237	760	450	172	22807	553	906	259	267	735	483	907	651	884	241	22428	236	27366	22238	22406	22228	212	22480	27393	27402	158	202	212	145	311	235	0	278	239	578	255	198	352	741	1054	1218	890	1232	951	1050
TV30.snps.consensus.subs.fa	303	343	291	279	315	287	315	358	307	299	265	306	504	381	679	316	642	634	646	339	390	354	387	541	347	394	347	310	443	324	342	310	306	410	297	389	326	339	299	364	395	397	358	374	275	307	257	265	341	254	271	358	608	283	287	287	325	276	246	385	250	667	434	22323	450	648	749	564	291	666	495	228	22834	588	952	318	346	679	556	852	719	833	290	22502	300	27430	22222	22486	22201	252	22561	27446	27454	263	306	222	271	104	221	278	0	292	606	256	231	283	769	1097	1154	827	1158	880	985
TV32.snps.consensus.subs.fa	148	197	154	141	156	136	168	289	188	164	186	155	359	252	616	223	603	587	590	178	255	194	244	400	199	237	208	277	297	170	195	158	171	250	191	232	173	177	146	218	257	293	220	227	229	226	168	179	229	201	156	275	456	176	157	178	215	143	139	373	193	716	290	22368	426	590	810	439	212	752	414	159	22815	552	916	159	187	756	520	930	660	910	125	22463	149	27442	22248	22445	22247	247	22524	27445	27456	217	264	215	224	325	214	239	292	0	598	232	225	396	746	1080	1229	906	1234	962	1064
TV33.snps.consensus.subs.fa	613	611	553	570	600	562	565	711	579	578	647	582	805	681	910	596	876	868	872	616	696	660	664	845	600	690	634	661	672	630	641	587	575	692	606	681	624	651	597	652	661	667	601	646	620	556	534	526	613	626	565	646	924	568	581	550	601	569	564	751	541	999	622	22634	744	198	1127	768	554	1026	718	535	22802	815	1199	585	635	979	805	1164	887	1146	577	22813	575	27717	22492	22791	22476	530	22866	27734	27743	562	568	477	561	635	532	578	606	598	0	545	492	654	1009	537	822	1153	822	1203	1309
TV46.snps.consensus.subs.fa	239	285	226	213	252	223	259	360	254	250	291	240	422	317	561	230	527	526	529	286	318	283	323	474	282	326	310	346	376	264	290	260	245	342	247	336	262	288	237	313	347	340	307	329	290	258	199	202	278	247	212	283	524	241	223	229	273	223	208	391	220	658	354	22332	369	577	741	432	248	666	362	189	22819	524	843	253	285	680	503	839	588	821	252	22462	259	27426	22226	22444	22217	226	22522	27441	27450	202	272	178	238	289	175	255	256	232	545	0	195	361	598	1032	1138	821	1139	870	981
TV5.snps.consensus.subs.fa	244	284	194	214	244	206	203	350	226	236	281	235	448	324	636	245	607	606	602	248	333	286	317	483	255	307	257	269	327	250	264	222	216	331	213	329	247	281	242	277	324	291	240	259	283	171	170	162	268	253	183	299	558	198	216	188	216	202	178	404	190	689	359	22393	400	569	830	461	224	739	416	161	22845	486	936	220	245	674	407	884	583	868	185	22488	194	27422	22251	22472	22241	122	22553	27434	27443	190	216	71	184	266	157	198	231	225	492	195	0	285	666	962	1199	881	1210	916	1026
TV7.snps.consensus.subs.fa	419	424	372	386	402	372	359	442	366	372	451	373	604	496	718	406	674	681	674	353	497	457	470	593	327	498	371	388	421	424	440	338	334	523	402	459	425	462	401	380	415	402	411	376	409	346	348	319	418	424	363	451	712	365	380	356	330	366	335	541	304	670	497	22274	445	724	821	577	287	716	586	336	22874	577	999	326	434	465	506	821	658	809	378	22540	358	27388	22175	22529	22167	220	22599	27398	27408	352	332	287	357	297	347	352	283	396	654	361	285	0	832	1129	1138	818	1145	848	967
TV70.snps.consensus.subs.fa	748	785	703	727	742	724	737	859	730	771	795	755	948	833	696	731	673	654	656	773	832	806	833	933	778	835	792	826	871	776	781	745	739	805	753	861	767	787	742	795	841	766	753	803	783	696	697	705	788	759	700	815	1059	720	720	718	733	700	697	917	710	804	797	21844	646	1002	638	701	722	543	596	690	22880	454	483	737	787	671	477	669	534	653	730	22750	751	27479	21802	22736	21801	707	22809	27496	27505	704	686	662	719	802	694	741	769	746	1009	598	666	832	0	1481	966	653	982	642	516
TV9.snps.consensus.subs.fa	1090	1104	1029	1058	1081	1052	1033	1167	1028	1031	1123	1030	1285	1154	1319	1057	1328	1319	1320	1080	1168	1143	1110	1298	1086	1086	1121	1132	1062	1118	1113	1072	1070	1087	1087	1068	1113	1128	1083	1133	1100	1143	1085	1120	1097	1017	1012	1002	1096	1112	1031	1049	1400	1033	1051	1017	1062	1029	1034	1079	1018	1484	1010	22805	1215	679	1485	1232	1033	1512	1206	1013	22975	1293	1655	1066	1112	1450	1274	1524	1359	1504	1050	23040	1051	27784	22598	23024	22591	1001	23037	27798	27807	1019	1009	953	1029	1091	1011	1054	1097	1080	537	1032	962	1129	1481	0	1173	1510	1185	1551	1660
VV10.snps.consensus.subs.fa	1270	1274	1239	1243	1237	1232	1238	1342	1213	1206	1283	1202	1453	1320	903	1232	879	887	888	1252	1332	1315	1283	1467	1267	1269	1301	1306	1233	1284	1286	1260	1271	1223	1256	1164	1286	1306	1254	1320	1309	1251	1258	1314	1264	1198	1211	1186	1269	1285	1228	1219	1562	1202	1230	1203	1250	1231	1216	1261	1203	1031	1130	22153	1062	847	503	1065	1221	644	924	1206	22955	905	953	1274	1293	737	948	438	816	406	1240	23048	1232	27660	22221	23032	22223	1222	23038	27667	27677	1190	1189	1193	1221	1146	1197	1218	1154	1229	822	1138	1199	1138	966	1173	0	421	87	473	581
VV14.snps.consensus.subs.fa	942	934	906	902	900	893	901	1017	884	877	959	874	1130	983	584	890	556	553	555	923	1015	988	950	1138	934	934	980	982	888	959	967	942	936	878	930	819	961	971	912	1005	979	935	926	980	928	878	877	853	940	952	889	873	1224	877	895	884	915	893	881	918	876	694	814	21884	727	1184	172	733	896	320	594	868	22981	623	652	953	957	435	636	114	489	78	921	22738	902	27365	21956	22717	21952	898	22720	27378	27389	853	852	881	905	828	900	890	827	906	1153	821	881	818	653	1510	421	0	432	132	256
VV5.snps.consensus.subs.fa	1278	1268	1246	1241	1239	1228	1239	1336	1218	1216	1287	1206	1453	1326	914	1227	884	890	885	1256	1334	1319	1289	1465	1261	1267	1305	1309	1234	1286	1298	1266	1275	1227	1262	1166	1288	1316	1246	1322	1316	1265	1261	1318	1265	1206	1214	1185	1268	1290	1233	1212	1557	1209	1235	1212	1266	1240	1221	1266	1205	1029	1141	22183	1064	852	510	1067	1229	643	927	1207	22979	922	986	1276	1301	748	971	461	823	429	1250	23050	1231	27661	22255	23037	22251	1229	23040	27669	27680	1188	1201	1204	1232	1150	1228	1232	1158	1234	822	1139	1210	1145	982	1185	87	432	0	488	600
VV8.snps.consensus.subs.fa	1013	997	969	976	962	954	957	1048	944	918	1009	929	1188	1050	625	948	582	608	597	969	1063	1048	1017	1134	978	994	1034	1032	950	1013	1018	981	991	955	981	878	1015	1044	968	1045	1030	994	974	1037	984	924	929	901	998	996	933	946	1280	932	950	934	961	940	933	988	922	742	875	21846	781	1184	249	787	944	367	651	929	22981	675	696	999	1010	468	673	147	540	97	970	22735	946	27361	21921	22717	21916	930	22725	27370	27381	907	847	916	972	866	944	951	880	962	1203	870	916	848	642	1551	473	132	488	0	316
VV9.snps.consensus.subs.fa	1104	1104	1064	1068	1072	1059	1065	1174	1038	1039	1125	1034	1289	1151	742	1060	710	711	711	1084	1169	1150	1110	1300	1087	1094	1133	1144	1062	1113	1113	1091	1093	1050	1086	991	1115	1139	1080	1160	1139	1088	1082	1135	1092	1030	1033	1011	1095	1118	1045	1051	1392	1033	1063	1036	1065	1051	1031	1096	1028	859	977	21735	881	1344	328	885	1048	482	758	1028	23010	776	492	1104	1126	582	779	278	643	258	1075	22898	1063	27524	21804	22886	21806	1053	22890	27532	27543	1023	1021	1022	1071	980	1056	1050	985	1064	1309	981	1026	967	516	1660	581	256	600	316	0
