snp-dists 0.2	07-03-81.snps.consensus.subs.fa	07-11-07.snps.consensus.subs.fa	10-2A.snps.consensus.subs.fa	10-9A.snps.consensus.subs.fa	11-8A.snps.consensus.subs.fa	12-3VP.snps.consensus.subs.fa	12-5VP.snps.consensus.subs.fa	12-6VP.snps.consensus.subs.fa	12-7VP.snps.consensus.subs.fa	12-8VP.snps.consensus.subs.fa	12-9VP.snps.consensus.subs.fa	AR01-139.snps.consensus.subs.fa	ARL04-840.snps.consensus.subs.fa	ARL05-425.snps.consensus.subs.fa	ARL05-67.snps.consensus.subs.fa	ARL07-1139.snps.consensus.subs.fa	ARL07-1163.snps.consensus.subs.fa	ARL07-1166.snps.consensus.subs.fa	ARL07-1169.snps.consensus.subs.fa	ARL07-1195.snps.consensus.subs.fa	ARL07-1198.snps.consensus.subs.fa	ARL07-1205.snps.consensus.subs.fa	ARL07-1286.snps.consensus.subs.fa	ARL07-1300.snps.consensus.subs.fa	ARL07-1328.snps.consensus.subs.fa	ARL07-1345.snps.consensus.subs.fa	ARL07-1348.snps.consensus.subs.fa	ARL07-1351.snps.consensus.subs.fa	ARL07-1384.snps.consensus.subs.fa	ARL07-973.snps.consensus.subs.fa	ARL08-105.snps.consensus.subs.fa	ARL08-1074.snps.consensus.subs.fa	ARL08-1077.snps.consensus.subs.fa	ARL08-1189.snps.consensus.subs.fa	ARL08-1215.snps.consensus.subs.fa	ARL08-1218.snps.consensus.subs.fa	ARL08-1249.snps.consensus.subs.fa	ARL08-1256.snps.consensus.subs.fa	ARL08-1292.snps.consensus.subs.fa	ARL08-1309.snps.consensus.subs.fa	ARL08-1412.snps.consensus.subs.fa	ARL08-1437.snps.consensus.subs.fa	ARL08-288.snps.consensus.subs.fa	ARL08-32.snps.consensus.subs.fa	ARL08-339.snps.consensus.subs.fa	ARL08-35.snps.consensus.subs.fa	ARL08-391.snps.consensus.subs.fa	ARL08-394.snps.consensus.subs.fa	ARL08-39.snps.consensus.subs.fa	ARL08-428.snps.consensus.subs.fa	ARL08-43.snps.consensus.subs.fa	ARL08-46.snps.consensus.subs.fa	ARL08-477.snps.consensus.subs.fa	ARL08-484.snps.consensus.subs.fa	ARL08-552.snps.consensus.subs.fa	ARL08-67.snps.consensus.subs.fa	ARL08-712.snps.consensus.subs.fa	ARL08-781.snps.consensus.subs.fa	ARL08-804.snps.consensus.subs.fa	ARL08-902.snps.consensus.subs.fa	ARL08-983.snps.consensus.subs.fa	ARL09-100.snps.consensus.subs.fa	ARL09-1074a.snps.consensus.subs.fa	ARL09-1209.snps.consensus.subs.fa	ARL09-1265.snps.consensus.subs.fa	ARL09-1374.snps.consensus.subs.fa	ARL09-146.snps.consensus.subs.fa	ARL09-193.snps.consensus.subs.fa	IV28.snps.consensus.subs.fa	TV104.snps.consensus.subs.fa	TV10.snps.consensus.subs.fa	TV111.snps.consensus.subs.fa	TV118.snps.consensus.subs.fa	TV123.snps.consensus.subs.fa	TV125.snps.consensus.subs.fa	TV12.snps.consensus.subs.fa	TV137.snps.consensus.subs.fa	TV138.snps.consensus.subs.fa	TV139.snps.consensus.subs.fa	TV14.snps.consensus.subs.fa	TV15.snps.consensus.subs.fa	TV162.snps.consensus.subs.fa	TV18.snps.consensus.subs.fa	TV20.snps.consensus.subs.fa	TV21.snps.consensus.subs.fa	TV41.snps.consensus.subs.fa	TV42.snps.consensus.subs.fa	TV43.snps.consensus.subs.fa	TV44.snps.consensus.subs.fa	TV45.snps.consensus.subs.fa	TV47.snps.consensus.subs.fa	TV48.snps.consensus.subs.fa	TV49.snps.consensus.subs.fa	TV4.snps.consensus.subs.fa	TV52.snps.consensus.subs.fa	TV54.snps.consensus.subs.fa	TV55.snps.consensus.subs.fa	TV56.snps.consensus.subs.fa	TV57.snps.consensus.subs.fa	TV58.snps.consensus.subs.fa	TV71.snps.consensus.subs.fa	TV73.snps.consensus.subs.fa	TV75.snps.consensus.subs.fa	TV76.snps.consensus.subs.fa	TV77.snps.consensus.subs.fa	TV78.snps.consensus.subs.fa	TV81.snps.consensus.subs.fa	TV82.snps.consensus.subs.fa	TV83.snps.consensus.subs.fa	TV92.snps.consensus.subs.fa	TV97.snps.consensus.subs.fa	TV98.snps.consensus.subs.fa	VV11.snps.consensus.subs.fa	VV6.snps.consensus.subs.fa
07-03-81.snps.consensus.subs.fa	0	105	3025	3030	1937	2549	3118	3106	1917	3096	1929	5901	5769	5835	5826	5784	5793	5787	5778	5784	5791	5786	5780	5792	5775	5801	5788	5789	5793	5792	5796	6140	6144	6133	6137	5926	6132	5924	6138	6141	5928	5931	5782	5803	5788	5801	5782	5777	5798	5782	5783	5803	5807	5785	5785	5802	6125	6129	6131	6137	6165	5938	5873	5931	5918	5967	5935	5937	3338	2864	111	2538	2828	2187	2239	2651	2862	2857	2857	110	2904	2854	3276	2633	2606	2970	1897	2609	2606	3034	2644	3069	2648	3323	3290	2653	2677	3292	2621	2980	2624	2615	2640	2567	1923	2632	2770	2224	2755	2659	2859	2243	2985	2980
07-11-07.snps.consensus.subs.fa	105	0	3059	3046	1913	2538	3162	3152	1936	3148	1973	5947	5816	5881	5874	5837	5846	5840	5831	5837	5844	5839	5829	5845	5828	5854	5839	5838	5842	5845	5849	6194	6198	6187	6191	5974	6186	5972	6192	6195	5975	5978	5835	5856	5841	5854	5835	5830	5851	5835	5832	5856	5856	5838	5838	5851	6177	6183	6185	6191	6212	5985	5920	5978	5965	6014	5982	5984	3288	2848	68	2526	2794	2176	2208	2638	2896	2887	2900	73	2916	2892	3299	2616	2602	2946	1933	2569	2608	2988	2636	3051	2639	3301	3312	2640	2661	3269	2604	3014	2584	2579	2631	2557	1912	2624	2808	2215	2790	2615	2825	2234	3015	3018
10-2A.snps.consensus.subs.fa	3025	3059	0	34	2878	2696	1031	1062	2850	1062	2848	6126	6008	5733	5721	5826	5836	5836	5827	5832	5822	5827	5828	5832	5828	5824	5832	5826	5826	5835	5828	6088	6081	6085	6090	5855	6084	5853	6090	6079	5855	5830	5833	5832	5824	5829	5830	5832	5834	5825	5830	5830	5830	5824	5831	5837	6074	6084	6086	6084	5727	5864	5805	5822	5764	5822	5866	5859	2964	1272	3064	2606	1701	2740	2818	2959	1489	1477	1494	3070	445	1482	3099	2954	2711	1669	2859	2545	2720	2276	2967	2846	2879	3144	3099	2982	2215	2760	2890	1636	2550	2544	2975	2888	2886	2959	2821	2725	1503	2526	1707	2792	1634	1636
10-9A.snps.consensus.subs.fa	3030	3046	34	0	2873	2680	1042	1068	2871	1066	2867	6146	6028	5753	5741	5844	5854	5854	5845	5850	5840	5845	5848	5850	5846	5842	5850	5846	5846	5853	5846	6108	6101	6105	6110	5875	6104	5873	6110	6099	5875	5850	5851	5850	5842	5847	5848	5850	5852	5843	5850	5848	5850	5842	5849	5857	6094	6104	6106	6104	5747	5884	5824	5842	5783	5842	5886	5879	2961	1257	3047	2603	1684	2721	2818	2962	1512	1498	1515	3053	426	1499	3119	2957	2696	1669	2874	2545	2701	2264	2969	2831	2883	3144	3119	2987	2212	2756	2870	1658	2546	2542	2977	2892	2879	2962	2824	2713	1524	2528	1691	2792	1662	1660
11-8A.snps.consensus.subs.fa	1937	1913	2878	2873	0	2785	2848	2844	91	2847	97	6106	5945	6030	5984	5949	5956	5945	5938	5943	5954	5946	5945	5955	5940	5955	5951	5955	5957	5952	5954	6131	6133	6123	6128	6069	6122	6068	6128	6130	6072	6074	5945	5961	5948	5958	5942	5942	5961	5944	5945	5960	5965	5935	5945	5969	6114	6121	6122	6126	5969	6082	6032	6073	6079	6102	6079	6078	2963	2652	1919	1883	2336	1873	1102	2896	2662	2656	2662	1907	2741	2657	3311	2890	2841	2428	107	2437	2843	2590	2894	2954	2815	3305	3330	2918	2585	2949	2723	2502	2450	2439	2885	2903	75	2877	2508	1888	2495	2480	2365	1139	2506	2497
12-3VP.snps.consensus.subs.fa	2549	2538	2696	2680	2785	0	2816	2822	2811	2815	2825	5527	5636	5722	5762	5687	5705	5701	5693	5698	5693	5696	5694	5699	5689	5712	5702	5692	5711	5702	5708	5991	5982	5987	5992	5797	5985	5798	5992	5984	5803	5791	5696	5712	5691	5709	5696	5693	5706	5696	5697	5711	5715	5700	5696	5714	5974	5987	5988	5988	5951	5813	5787	5775	5761	5802	5808	5810	3216	2919	2526	2976	2702	2580	2818	1648	2708	2701	2708	2521	2627	2698	2812	1638	114	2691	2811	2627	124	2942	1652	1999	1661	2795	2822	1667	2478	3084	2166	2732	2634	2626	1645	1710	2775	1644	2722	2551	2721	2657	2715	2857	2735	2732
12-5VP.snps.consensus.subs.fa	3118	3162	1031	1042	2848	2816	0	50	2824	76	2819	6160	6041	5994	5977	6056	6069	6064	6057	6063	6053	6059	6060	6062	6059	6054	6064	6057	6059	6065	6056	6138	6133	6137	6140	6077	6135	6075	6140	6132	6079	6054	6062	6060	6055	6057	6061	6062	6062	6055	6060	6059	6060	6054	6061	6066	6128	6135	6135	6138	5839	6088	6016	6064	5995	6047	6085	6083	2890	1311	3159	2641	1728	2957	2649	3170	1745	1749	1754	3161	979	1751	3098	3165	2829	1778	2811	2570	2837	2077	3181	2992	3097	3129	3100	3200	2407	2673	3092	1800	2581	2577	3186	3110	2828	3182	2725	2949	1628	2588	1757	2619	1800	1800
12-6VP.snps.consensus.subs.fa	3106	3152	1062	1068	2844	2822	50	0	2846	60	2819	6144	6023	5990	5974	6056	6065	6064	6057	6063	6053	6059	6060	6058	6059	6050	6060	6056	6055	6063	6056	6137	6132	6136	6139	6075	6134	6073	6139	6131	6076	6053	6062	6060	6055	6057	6061	6062	6062	6055	6060	6059	6060	6054	6061	6062	6127	6134	6134	6137	5840	6085	6016	6063	5997	6046	6084	6082	2905	1327	3163	2649	1755	2980	2662	3182	1761	1767	1770	3159	1003	1767	3113	3177	2845	1806	2829	2594	2847	2086	3195	3010	3124	3145	3121	3213	2425	2692	3105	1829	2609	2591	3202	3122	2850	3200	2735	2970	1664	2602	1782	2644	1827	1825
12-7VP.snps.consensus.subs.fa	1917	1936	2850	2871	91	2811	2824	2846	0	2845	103	6111	5954	6034	5988	5954	5961	5950	5943	5948	5959	5951	5950	5960	5945	5960	5956	5960	5962	5957	5959	6144	6146	6136	6141	6077	6135	6076	6141	6143	6080	6082	5950	5966	5953	5963	5947	5947	5966	5949	5950	5965	5970	5940	5950	5974	6127	6134	6135	6139	5978	6090	6033	6081	6079	6110	6087	6086	2975	2672	1922	1897	2345	1887	1127	2909	2635	2631	2630	1934	2743	2632	3282	2897	2866	2444	59	2453	2870	2608	2900	2965	2811	3325	3299	2925	2598	2973	2751	2476	2462	2458	2889	2912	72	2883	2493	1904	2464	2509	2374	1134	2482	2473
12-8VP.snps.consensus.subs.fa	3096	3148	1062	1066	2847	2815	76	60	2845	0	2812	6133	6014	5982	5966	6045	6054	6053	6046	6052	6042	6048	6053	6047	6048	6039	6051	6049	6048	6052	6045	6130	6125	6129	6132	6067	6127	6065	6132	6124	6068	6045	6051	6049	6044	6046	6050	6051	6051	6044	6053	6048	6053	6043	6050	6055	6120	6127	6127	6130	5836	6077	6009	6056	5988	6038	6074	6074	2907	1337	3157	2641	1759	2979	2662	3199	1784	1766	1787	3147	995	1768	3115	3200	2836	1818	2824	2592	2836	2073	3210	3007	3131	3152	3123	3222	2434	2687	3112	1830	2605	2591	3217	3129	2845	3211	2737	2965	1673	2608	1782	2648	1836	1832
12-9VP.snps.consensus.subs.fa	1929	1973	2848	2867	97	2825	2819	2819	103	2812	0	6086	5922	6001	5955	5919	5926	5915	5908	5913	5916	5916	5915	5925	5910	5911	5921	5923	5913	5922	5910	6105	6107	6097	6102	6039	6096	6038	6102	6104	6042	6044	5915	5917	5918	5914	5912	5912	5919	5906	5915	5916	5921	5905	5915	5927	6086	6095	6094	6100	5942	6052	6005	6043	6050	6072	6049	6048	2991	2671	1973	1924	2367	1907	1156	2909	2632	2628	2632	1966	2730	2627	3297	2913	2861	2455	112	2474	2863	2608	2914	2983	2845	3339	3312	2936	2619	2977	2761	2477	2487	2471	2921	2926	133	2913	2484	1919	2463	2523	2396	1157	2481	2472
AR01-139.snps.consensus.subs.fa	5901	5947	6126	6146	6106	5527	6160	6144	6111	6133	6086	0	1162	1817	1883	1507	1511	1514	1503	1509	1513	1505	1510	1503	1514	1525	1508	1511	1517	1511	1517	2263	2260	2264	2268	1822	2264	1818	2266	2261	1822	1785	1514	1524	1503	1521	1507	1515	1528	1513	1512	1522	1524	1515	1508	1529	2259	2263	2265	2266	2899	1835	1910	1805	1875	1855	1833	1833	6220	6139	5962	6419	6244	6001	6282	5664	5840	5844	5842	5962	6095	5847	5974	5665	5542	6238	6091	6077	5546	6264	5689	5849	5703	5998	5982	5667	5912	6040	5977	6218	6077	6068	5671	5652	6116	5678	5866	5945	5943	6062	6242	6283	6209	6217
ARL04-840.snps.consensus.subs.fa	5769	5816	6008	6028	5945	5636	6041	6023	5954	6014	5922	1162	0	1247	1233	1376	1383	1378	1372	1375	1380	1379	1369	1380	1370	1388	1371	1377	1379	1379	1389	1438	1438	1431	1433	1182	1429	1179	1429	1436	1180	1144	1374	1392	1379	1389	1377	1369	1390	1375	1371	1390	1394	1378	1380	1387	1421	1430	1431	1427	2070	1190	1361	1166	1402	1212	1197	1188	6007	6038	5830	6365	6051	5896	6104	5591	5901	5907	5905	5829	5936	5910	5655	5594	5666	6089	5936	5873	5668	5995	5611	5833	5585	5671	5666	5598	5747	5846	5529	6071	5875	5866	5592	5607	5961	5592	5854	5843	5914	5863	6063	6107	6062	6069
ARL05-425.snps.consensus.subs.fa	5835	5881	5733	5753	6030	5722	5994	5990	6034	5982	6001	1817	1247	0	140	950	959	950	945	947	952	953	941	958	942	964	947	950	955	953	963	1584	1594	1589	1590	539	1586	538	1587	1593	536	483	948	966	952	961	948	943	962	947	943	962	959	952	954	963	1583	1588	1588	1584	2376	546	842	629	843	584	556	544	6116	5876	5897	6141	6026	5823	6150	5590	5712	5718	5715	5897	5873	5720	5635	5593	5713	5927	6033	5950	5717	6053	5610	5915	5608	5656	5644	5592	5646	5912	5700	5900	5952	5943	5597	5553	6057	5592	5732	5772	5856	5901	6018	6151	5892	5897
ARL05-67.snps.consensus.subs.fa	5826	5874	5721	5741	5984	5762	5977	5974	5988	5966	5955	1883	1233	140	0	981	988	979	976	978	984	983	971	987	972	995	978	979	984	984	992	1504	1514	1509	1511	425	1507	423	1505	1514	429	376	978	995	982	992	978	973	991	976	973	993	996	982	984	994	1502	1507	1510	1507	2296	439	870	535	868	473	447	435	6165	5941	5892	6155	6050	5774	6101	5594	5770	5776	5773	5892	5855	5778	5626	5597	5753	5968	5986	5999	5757	6081	5609	5945	5573	5642	5636	5600	5695	5961	5648	5941	6001	5992	5595	5552	6010	5591	5712	5746	5823	5950	6042	6103	5933	5938
ARL07-1139.snps.consensus.subs.fa	5784	5837	5826	5844	5949	5687	6056	6056	5954	6045	5919	1507	1376	950	981	0	25	20	19	19	17	19	16	14	17	32	29	14	35	21	24	1835	1836	1837	1843	1009	1842	1005	1844	1836	1009	969	29	30	16	31	24	18	24	17	24	32	41	21	19	31	1840	1840	1840	1840	2379	1019	793	1006	831	984	1021	1013	6166	5922	5849	6113	6042	5785	6068	5585	5661	5665	5660	5842	5907	5665	5559	5590	5684	5955	5954	5979	5689	6096	5600	5837	5608	5575	5568	5597	5730	5944	5735	5915	5985	5972	5586	5543	5976	5581	5701	5730	5759	5928	6030	6069	5911	5912
ARL07-1163.snps.consensus.subs.fa	5793	5846	5836	5854	5956	5705	6069	6065	5961	6054	5926	1511	1383	959	988	25	0	25	26	22	32	19	27	15	30	26	20	31	26	14	28	1839	1846	1841	1847	1021	1848	1019	1848	1846	1019	981	40	29	29	30	29	35	33	26	37	29	36	29	20	30	1846	1846	1846	1846	2383	1031	816	1020	854	998	1033	1027	6174	5932	5858	6119	6052	5795	6074	5584	5675	5679	5674	5851	5917	5679	5568	5589	5692	5965	5961	5988	5697	6104	5599	5836	5607	5584	5577	5596	5739	5953	5744	5925	5994	5981	5585	5542	5983	5580	5711	5740	5773	5937	6040	6075	5921	5922
ARL07-1166.snps.consensus.subs.fa	5787	5840	5836	5854	5945	5701	6064	6064	5950	6053	5915	1514	1378	950	979	20	25	0	15	15	25	20	20	18	19	35	23	26	25	19	19	1832	1843	1836	1838	1011	1837	1009	1839	1843	1011	971	23	24	20	23	18	20	26	17	24	26	33	22	19	35	1839	1839	1835	1837	2383	1017	809	1010	847	988	1023	1013	6174	5932	5852	6109	6050	5788	6064	5577	5670	5674	5669	5845	5917	5674	5561	5582	5688	5963	5950	5989	5693	6093	5592	5830	5600	5577	5570	5589	5740	5953	5737	5923	5995	5982	5578	5535	5972	5573	5705	5733	5768	5938	6038	6065	5919	5920
ARL07-1169.snps.consensus.subs.fa	5778	5831	5827	5845	5938	5693	6057	6057	5943	6046	5908	1503	1372	945	976	19	26	15	0	10	26	13	17	21	14	36	26	27	26	20	20	1829	1840	1829	1833	1002	1832	1000	1836	1840	1004	962	16	33	13	30	7	13	35	14	21	31	34	15	10	44	1826	1830	1830	1832	2373	1014	798	1000	838	979	1016	1008	6168	5923	5843	6102	6043	5779	6057	5569	5662	5666	5661	5836	5908	5666	5553	5574	5680	5956	5943	5979	5685	6085	5584	5822	5592	5569	5562	5581	5730	5946	5729	5916	5985	5972	5570	5527	5965	5565	5695	5724	5760	5928	6031	6058	5912	5913
ARL07-1195.snps.consensus.subs.fa	5784	5837	5832	5850	5943	5698	6063	6063	5948	6052	5913	1509	1375	947	978	19	22	15	10	0	24	15	17	21	18	30	20	21	20	14	22	1827	1842	1831	1837	1008	1838	1006	1838	1842	1006	968	24	31	21	30	13	21	35	12	25	31	42	15	12	40	1836	1836	1836	1834	2378	1018	806	1007	844	985	1020	1014	6172	5929	5849	6107	6049	5785	6062	5575	5667	5671	5666	5842	5913	5671	5558	5580	5685	5961	5948	5986	5690	6090	5590	5826	5598	5574	5567	5587	5737	5951	5734	5921	5992	5979	5576	5533	5970	5571	5701	5730	5765	5935	6037	6063	5917	5918
ARL07-1198.snps.consensus.subs.fa	5791	5844	5822	5840	5954	5693	6053	6053	5959	6042	5916	1513	1380	952	984	17	32	25	26	24	0	24	27	23	22	27	28	17	26	22	29	1833	1834	1839	1839	1015	1840	1015	1842	1834	1017	975	32	27	19	28	29	25	29	20	37	29	36	28	24	32	1842	1842	1838	1836	2384	1023	802	1015	842	994	1029	1019	6162	5919	5856	6118	6038	5791	6071	5578	5659	5663	5658	5849	5903	5663	5564	5583	5678	5951	5959	5975	5683	6093	5593	5830	5609	5580	5573	5590	5726	5941	5740	5911	5981	5968	5587	5544	5981	5578	5708	5736	5756	5924	6026	6064	5907	5908
ARL07-1205.snps.consensus.subs.fa	5786	5839	5827	5845	5946	5696	6059	6059	5951	6048	5916	1505	1379	953	983	19	19	20	13	15	24	0	18	21	21	29	19	25	29	13	23	1832	1838	1832	1836	1009	1837	1007	1839	1838	1011	969	27	26	17	29	18	22	30	19	28	30	35	18	9	37	1835	1835	1835	1835	2376	1021	800	1009	840	986	1023	1015	6168	5928	5851	6110	6043	5786	6065	5575	5667	5671	5666	5844	5912	5671	5559	5580	5683	5956	5951	5985	5688	6094	5590	5828	5598	5575	5568	5587	5736	5946	5739	5916	5987	5978	5576	5533	5973	5571	5702	5731	5764	5934	6031	6066	5912	5913
ARL07-1286.snps.consensus.subs.fa	5780	5829	5828	5848	5945	5694	6060	6060	5950	6053	5915	1510	1369	941	971	16	27	20	17	17	27	18	0	26	15	38	27	20	29	27	27	1827	1838	1827	1831	997	1832	997	1834	1838	999	957	27	36	28	39	20	18	30	17	12	40	41	19	19	33	1830	1830	1830	1830	2380	1009	795	999	835	976	1011	1005	6167	5933	5841	6109	6048	5781	6060	5576	5667	5673	5670	5838	5917	5675	5548	5579	5691	5957	5950	5989	5696	6093	5593	5831	5601	5564	5557	5586	5740	5950	5732	5921	5991	5982	5579	5536	5972	5574	5697	5726	5768	5934	6036	6061	5913	5918
ARL07-1300.snps.consensus.subs.fa	5792	5845	5832	5850	5955	5699	6062	6058	5960	6047	5925	1503	1380	958	987	14	15	18	21	21	23	21	26	0	29	27	19	20	25	15	26	1838	1839	1844	1846	1021	1845	1017	1847	1839	1019	981	31	28	14	29	26	26	32	23	34	30	39	26	21	33	1847	1847	1843	1845	2385	1027	805	1018	843	996	1033	1021	6172	5928	5857	6119	6048	5797	6074	5587	5667	5671	5666	5850	5913	5671	5571	5592	5686	5961	5960	5985	5691	6102	5602	5839	5610	5587	5580	5599	5736	5950	5747	5921	5991	5978	5588	5545	5982	5583	5713	5742	5765	5934	6036	6075	5917	5918
ARL07-1328.snps.consensus.subs.fa	5775	5828	5828	5846	5940	5689	6059	6059	5945	6048	5910	1514	1370	942	972	17	30	19	14	18	22	21	15	29	0	37	28	23	30	26	30	1832	1843	1832	1836	999	1835	999	1839	1843	1001	959	22	37	23	36	17	13	31	14	21	37	42	18	20	38	1831	1833	1833	1835	2379	1011	798	999	838	978	1013	1007	6168	5925	5840	6104	6044	5775	6059	5574	5665	5669	5664	5833	5909	5669	5548	5579	5686	5957	5945	5981	5691	6087	5589	5827	5597	5564	5557	5586	5732	5947	5724	5917	5987	5974	5575	5532	5967	5570	5692	5720	5762	5930	6032	6060	5913	5914
ARL07-1345.snps.consensus.subs.fa	5801	5854	5824	5842	5955	5712	6054	6050	5960	6039	5911	1525	1388	964	995	32	26	35	36	30	27	29	38	27	37	0	24	30	22	18	28	1844	1853	1852	1854	1029	1855	1027	1855	1853	1027	989	44	24	35	24	39	36	26	25	46	25	36	25	30	23	1857	1857	1853	1851	2388	1035	821	1028	859	1006	1041	1031	6164	5920	5866	6119	6040	5806	6083	5585	5658	5662	5657	5859	5905	5662	5578	5590	5690	5953	5960	5977	5695	6087	5600	5839	5622	5594	5587	5597	5728	5943	5754	5913	5983	5970	5600	5557	5982	5588	5722	5751	5756	5926	6028	6070	5909	5910
ARL07-1348.snps.consensus.subs.fa	5788	5839	5832	5850	5951	5702	6064	6060	5956	6051	5921	1508	1371	947	978	29	20	23	26	20	28	19	27	19	28	24	0	27	24	12	32	1827	1838	1835	1837	1012	1838	1010	1838	1838	1010	972	34	31	27	30	29	31	37	26	35	33	42	29	20	32	1840	1840	1836	1834	2379	1018	806	1013	844	989	1024	1014	6172	5934	5851	6115	6050	5793	6068	5580	5670	5676	5671	5846	5919	5676	5562	5583	5689	5961	5956	5991	5694	6099	5595	5831	5603	5578	5571	5590	5742	5953	5744	5923	5993	5984	5581	5538	5978	5576	5712	5738	5770	5938	6038	6069	5917	5920
ARL07-1351.snps.consensus.subs.fa	5789	5838	5826	5846	5955	5692	6057	6056	5960	6049	5923	1511	1377	950	979	14	31	26	27	21	17	25	20	20	23	30	27	0	23	21	34	1835	1834	1839	1841	1011	1842	1009	1842	1834	1011	971	33	34	20	37	30	22	28	21	30	38	41	27	25	29	1844	1844	1840	1840	2381	1017	797	1010	835	988	1023	1013	6166	5927	5850	6119	6047	5791	6070	5587	5661	5667	5664	5847	5911	5669	5560	5590	5687	5955	5960	5984	5692	6100	5604	5842	5614	5576	5569	5597	5735	5949	5740	5919	5990	5977	5592	5549	5982	5587	5707	5736	5763	5929	6035	6069	5911	5916
ARL07-1384.snps.consensus.subs.fa	5793	5842	5826	5846	5957	5711	6059	6055	5962	6048	5913	1517	1379	955	984	35	26	25	26	20	26	29	29	25	30	22	24	23	0	24	24	1835	1846	1839	1841	1018	1842	1016	1842	1846	1018	978	36	29	31	30	29	31	33	20	39	29	30	31	28	26	1844	1844	1840	1840	2391	1024	818	1017	856	995	1030	1020	6166	5927	5854	6121	6047	5796	6072	5570	5665	5671	5668	5851	5911	5673	5565	5573	5684	5955	5962	5984	5689	6092	5587	5828	5609	5581	5574	5580	5735	5949	5745	5919	5990	5977	5587	5544	5984	5575	5712	5741	5767	5929	6035	6059	5911	5916
ARL07-973.snps.consensus.subs.fa	5792	5845	5835	5853	5952	5702	6065	6063	5957	6052	5922	1511	1379	953	984	21	14	19	20	14	22	13	27	15	26	18	12	21	24	0	26	1833	1842	1841	1843	1018	1844	1016	1844	1842	1016	978	30	23	19	22	23	25	27	20	35	23	34	23	14	28	1846	1846	1842	1840	2376	1024	810	1017	848	995	1030	1020	6175	5931	5857	6116	6051	5794	6071	5584	5669	5673	5668	5850	5916	5673	5567	5589	5689	5964	5957	5989	5694	6098	5599	5835	5607	5583	5576	5596	5740	5954	5744	5924	5995	5982	5585	5542	5979	5580	5710	5739	5767	5938	6039	6072	5920	5921
ARL08-105.snps.consensus.subs.fa	5796	5849	5828	5846	5954	5708	6056	6056	5959	6045	5910	1517	1389	963	992	24	28	19	20	22	29	23	27	26	30	28	32	34	24	26	0	1843	1851	1843	1849	1020	1848	1016	1850	1851	1020	980	34	13	28	14	25	31	17	18	27	15	22	29	18	26	1846	1846	1846	1848	2385	1030	813	1017	851	995	1032	1024	6166	5924	5861	6118	6042	5797	6073	5573	5663	5667	5662	5854	5909	5667	5570	5578	5681	5955	5959	5981	5686	6089	5588	5829	5610	5586	5579	5585	5732	5944	5747	5915	5987	5974	5588	5545	5981	5576	5712	5742	5761	5930	6030	6060	5911	5912
ARL08-1074.snps.consensus.subs.fa	6140	6194	6088	6108	6131	5991	6138	6137	6144	6130	6105	2263	1438	1584	1504	1835	1839	1832	1829	1827	1833	1832	1827	1838	1832	1844	1827	1835	1835	1833	1843	0	28	22	22	1348	20	1344	25	31	1346	1424	1837	1844	1838	1846	1836	1832	1848	1833	1834	1847	1850	1831	1833	1847	41	23	24	21	981	1358	1847	1416	1877	1370	1363	1352	6281	6305	6206	6396	6305	6274	6314	5868	6016	6021	6019	6203	6136	6024	5781	5871	5982	6215	6122	6177	5987	6253	5883	6073	5853	5797	5792	5874	5962	6080	5771	6178	6179	6169	5868	5881	6143	5873	6060	6252	6040	6143	6296	6320	6169	6175
ARL08-1077.snps.consensus.subs.fa	6144	6198	6081	6101	6133	5982	6133	6132	6146	6125	6107	2260	1438	1594	1514	1836	1846	1843	1840	1842	1834	1838	1838	1839	1843	1853	1838	1834	1846	1842	1851	28	0	21	17	1354	14	1350	19	11	1354	1430	1848	1851	1837	1855	1847	1843	1853	1846	1847	1856	1855	1844	1840	1854	31	23	21	15	969	1364	1840	1422	1870	1375	1369	1358	6276	6301	6210	6399	6298	6274	6318	5865	6011	6016	6014	6207	6131	6019	5790	5868	5975	6208	6124	6171	5980	6253	5880	6075	5850	5806	5801	5871	5954	6073	5774	6173	6173	6163	5865	5878	6145	5870	6058	6252	6033	6137	6289	6324	6164	6168
ARL08-1189.snps.consensus.subs.fa	6133	6187	6085	6105	6123	5987	6137	6136	6136	6129	6097	2264	1431	1589	1509	1837	1841	1836	1829	1831	1839	1832	1827	1844	1832	1852	1835	1839	1839	1841	1843	22	21	0	12	1346	13	1342	18	20	1346	1421	1841	1850	1842	1854	1836	1836	1852	1835	1836	1855	1854	1833	1833	1853	24	12	16	14	967	1360	1844	1418	1874	1368	1361	1354	6278	6303	6199	6391	6300	6268	6308	5861	6014	6019	6017	6196	6133	6022	5774	5864	5980	6210	6114	6173	5985	6243	5876	6066	5842	5790	5785	5867	5958	6075	5762	6175	6175	6165	5861	5874	6135	5862	6052	6246	6035	6138	6291	6314	6166	6170
ARL08-1215.snps.consensus.subs.fa	6137	6191	6090	6110	6128	5992	6140	6139	6141	6132	6102	2268	1433	1590	1511	1843	1847	1838	1833	1837	1839	1836	1831	1846	1836	1854	1837	1841	1841	1843	1849	22	17	12	0	1349	13	1347	18	22	1351	1425	1841	1852	1842	1856	1840	1836	1854	1841	1840	1857	1854	1837	1837	1855	28	18	10	14	971	1361	1848	1418	1880	1373	1366	1355	6283	6309	6203	6391	6307	6270	6311	5863	6020	6025	6023	6200	6138	6028	5781	5866	5983	6217	6119	6179	5988	6250	5878	6071	5848	5797	5792	5869	5964	6082	5768	6180	6181	6171	5863	5876	6140	5868	6056	6248	6042	6145	6298	6317	6171	6177
ARL08-1218.snps.consensus.subs.fa	5926	5974	5855	5875	6069	5797	6077	6075	6077	6067	6039	1822	1182	539	425	1009	1021	1011	1002	1008	1015	1009	997	1021	999	1029	1012	1011	1018	1018	1020	1348	1354	1346	1349	0	1345	8	1349	1354	22	100	1010	1029	1012	1026	1004	1003	1023	1006	1001	1028	1028	1010	1010	1027	1340	1343	1348	1345	1985	34	950	180	980	67	36	31	6277	6081	5992	6240	6162	5898	6181	5594	5890	5896	5893	5992	5967	5898	5660	5597	5788	6079	6074	6071	5792	6204	5609	5968	5573	5676	5670	5602	5797	6064	5638	6053	6072	6063	5595	5552	6098	5591	5852	5875	5923	6041	6154	6186	6045	6050
ARL08-1249.snps.consensus.subs.fa	6132	6186	6084	6104	6122	5985	6135	6134	6135	6127	6096	2264	1429	1586	1507	1842	1848	1837	1832	1838	1840	1837	1832	1845	1835	1855	1838	1842	1842	1844	1848	20	14	13	13	1345	0	1343	15	19	1347	1421	1840	1853	1841	1855	1839	1835	1853	1840	1839	1856	1853	1838	1838	1856	23	11	13	9	970	1357	1844	1414	1876	1369	1362	1351	6279	6304	6198	6388	6300	6265	6307	5858	6015	6020	6018	6195	6133	6023	5779	5861	5978	6210	6113	6173	5983	6243	5873	6067	5843	5795	5790	5864	5958	6076	5763	6175	6175	6165	5858	5871	6134	5863	6049	6243	6035	6139	6291	6313	6166	6170
ARL08-1256.snps.consensus.subs.fa	5924	5972	5853	5873	6068	5798	6075	6073	6076	6065	6038	1818	1179	538	423	1005	1019	1009	1000	1006	1015	1007	997	1017	999	1027	1010	1009	1016	1016	1016	1344	1350	1342	1347	8	1343	0	1345	1350	22	102	1008	1025	1010	1024	1004	1001	1021	1004	1001	1026	1028	1008	1008	1025	1338	1341	1346	1343	1982	34	948	177	976	63	36	29	6277	6078	5990	6239	6160	5897	6180	5593	5888	5894	5891	5990	5965	5896	5660	5596	5789	6077	6073	6069	5793	6204	5608	5967	5572	5676	5670	5601	5795	6062	5637	6051	6070	6061	5594	5551	6097	5590	5851	5874	5922	6039	6152	6185	6043	6048
ARL08-1292.snps.consensus.subs.fa	6138	6192	6090	6110	6128	5992	6140	6139	6141	6132	6102	2266	1429	1587	1505	1844	1848	1839	1836	1838	1842	1839	1834	1847	1839	1855	1838	1842	1842	1844	1850	25	19	18	18	1349	15	1345	0	20	1349	1425	1842	1853	1845	1857	1843	1839	1855	1842	1843	1858	1857	1840	1840	1856	26	16	20	12	970	1359	1848	1421	1878	1371	1364	1353	6281	6308	6204	6394	6305	6269	6311	5867	6017	6022	6020	6201	6136	6025	5784	5870	5983	6215	6119	6179	5988	6247	5882	6068	5846	5800	5795	5873	5964	6080	5766	6178	6181	6171	5867	5880	6140	5868	6056	6247	6040	6145	6296	6317	6169	6175
ARL08-1309.snps.consensus.subs.fa	6141	6195	6079	6099	6130	5984	6132	6131	6143	6124	6104	2261	1436	1593	1514	1836	1846	1843	1840	1842	1834	1838	1838	1839	1843	1853	1838	1834	1846	1842	1851	31	11	20	22	1354	19	1350	20	0	1354	1430	1848	1851	1837	1855	1847	1843	1853	1846	1847	1856	1855	1844	1840	1854	32	22	20	16	969	1364	1838	1426	1868	1376	1369	1358	6275	6300	6207	6399	6297	6274	6315	5870	6011	6016	6014	6204	6128	6019	5788	5873	5977	6207	6121	6167	5982	6250	5885	6075	5851	5804	5799	5876	5952	6072	5770	6172	6169	6159	5870	5883	6142	5871	6060	6254	6030	6133	6288	6321	6163	6167
ARL08-1412.snps.consensus.subs.fa	5928	5975	5855	5875	6072	5803	6079	6076	6080	6068	6042	1822	1180	536	429	1009	1019	1011	1004	1006	1017	1011	999	1019	1001	1027	1010	1011	1018	1016	1020	1346	1354	1346	1351	22	1347	22	1349	1354	0	94	1012	1027	1014	1024	1006	1005	1023	1004	1001	1026	1030	1010	1012	1027	1342	1345	1350	1347	1984	22	952	177	980	61	28	23	6278	6078	5994	6243	6162	5901	6184	5596	5888	5894	5891	5994	5967	5896	5663	5599	5794	6080	6076	6072	5799	6204	5611	5968	5575	5679	5673	5604	5798	6065	5639	6054	6073	6064	5597	5554	6100	5593	5855	5878	5923	6042	6154	6189	6046	6051
ARL08-1437.snps.consensus.subs.fa	5931	5978	5830	5850	6074	5791	6054	6053	6082	6045	6044	1785	1144	483	376	969	981	971	962	968	975	969	957	981	959	989	972	971	978	978	980	1424	1430	1421	1425	100	1421	102	1425	1430	94	0	970	989	972	986	964	963	983	966	961	988	988	970	970	987	1416	1419	1424	1421	2058	108	912	258	927	141	110	103	6252	6053	5997	6244	6141	5894	6186	5617	5862	5868	5865	5997	5942	5870	5617	5620	5782	6059	6078	6075	5787	6184	5632	5978	5596	5633	5627	5625	5801	6039	5645	6033	6076	6067	5618	5575	6102	5614	5813	5870	5896	6031	6133	6191	6025	6030
ARL08-288.snps.consensus.subs.fa	5782	5835	5833	5851	5945	5696	6062	6062	5950	6051	5915	1514	1374	948	978	29	40	23	16	24	32	27	27	31	22	44	34	33	36	30	34	1837	1848	1841	1841	1010	1840	1008	1842	1848	1012	970	0	39	23	38	17	19	41	26	31	41	46	27	24	50	1838	1842	1838	1840	2384	1018	806	1008	846	987	1024	1012	6174	5931	5847	6108	6050	5784	6065	5576	5669	5673	5668	5840	5914	5673	5555	5581	5687	5963	5950	5987	5692	6091	5591	5829	5599	5571	5564	5588	5738	5952	5732	5923	5993	5980	5577	5534	5972	5572	5701	5729	5766	5936	6038	6066	5919	5920
ARL08-32.snps.consensus.subs.fa	5803	5856	5832	5850	5961	5712	6060	6060	5966	6049	5917	1524	1392	966	995	30	29	24	33	31	27	26	36	28	37	24	31	34	29	23	13	1844	1851	1850	1852	1029	1853	1025	1853	1851	1027	989	39	0	32	7	38	34	12	27	32	10	19	35	27	19	1855	1855	1851	1851	2387	1035	819	1026	857	1004	1041	1029	6170	5928	5868	6125	6046	5804	6080	5582	5667	5671	5666	5861	5913	5671	5577	5587	5687	5958	5966	5985	5692	6095	5597	5837	5619	5593	5586	5594	5736	5948	5754	5918	5991	5978	5597	5554	5988	5585	5720	5749	5765	5934	6034	6067	5914	5915
ARL08-339.snps.consensus.subs.fa	5788	5841	5824	5842	5948	5691	6055	6055	5953	6044	5918	1503	1379	952	982	16	29	20	13	21	19	17	28	14	23	35	27	20	31	19	28	1838	1837	1842	1842	1012	1841	1010	1845	1837	1014	972	23	32	0	29	12	16	34	23	32	30	35	22	17	43	1839	1843	1839	1841	2380	1020	797	1010	837	989	1026	1014	6166	5922	5853	6111	6041	5789	6067	5579	5661	5665	5660	5846	5906	5665	5563	5584	5678	5954	5953	5978	5683	6095	5594	5832	5602	5579	5572	5591	5729	5944	5739	5914	5984	5971	5580	5537	5975	5575	5705	5734	5758	5927	6029	6068	5910	5911
ARL08-35.snps.consensus.subs.fa	5801	5854	5829	5847	5958	5709	6057	6057	5963	6046	5914	1521	1389	961	992	31	30	23	30	30	28	29	39	29	36	24	30	37	30	22	14	1846	1855	1854	1856	1026	1855	1024	1857	1855	1024	986	38	7	29	0	33	33	13	26	29	3	14	39	30	20	1853	1857	1853	1853	2384	1032	818	1025	856	1003	1038	1028	6166	5925	5866	6122	6043	5802	6077	5577	5663	5667	5662	5859	5910	5667	5574	5582	5682	5956	5963	5982	5687	6092	5592	5831	5614	5590	5583	5589	5733	5945	5751	5916	5988	5975	5592	5549	5985	5580	5718	5747	5761	5931	6031	6064	5912	5913
ARL08-391.snps.consensus.subs.fa	5782	5835	5830	5848	5942	5696	6061	6061	5947	6050	5912	1507	1377	948	978	24	29	18	7	13	29	18	20	26	17	39	29	30	29	23	25	1836	1847	1836	1840	1004	1839	1004	1843	1847	1006	964	17	38	12	33	0	16	38	17	24	34	39	18	15	47	1833	1837	1837	1839	2379	1016	803	1004	843	983	1018	1012	6171	5928	5847	6105	6047	5783	6061	5572	5666	5670	5665	5840	5912	5670	5556	5577	5683	5960	5947	5984	5688	6088	5587	5825	5595	5572	5565	5584	5735	5950	5732	5920	5990	5977	5573	5530	5969	5568	5699	5728	5763	5933	6035	6062	5916	5917
ARL08-394.snps.consensus.subs.fa	5777	5830	5832	5850	5942	5693	6062	6062	5947	6051	5912	1515	1369	943	973	18	35	20	13	21	25	22	18	26	13	36	31	22	31	25	31	1832	1843	1836	1836	1003	1835	1001	1839	1843	1005	963	19	34	16	33	16	0	28	17	20	34	39	17	21	37	1833	1837	1833	1835	2380	1011	799	1001	839	980	1017	1005	6173	5928	5842	6106	6048	5778	6061	5579	5668	5672	5667	5835	5913	5672	5553	5584	5690	5961	5947	5985	5695	6090	5594	5832	5602	5569	5562	5591	5736	5951	5729	5921	5991	5978	5580	5537	5969	5575	5694	5723	5765	5934	6036	6062	5917	5918
ARL08-39.snps.consensus.subs.fa	5798	5851	5834	5852	5961	5706	6062	6062	5966	6051	5919	1528	1390	962	991	24	33	26	35	35	29	30	30	32	31	26	37	28	33	27	17	1848	1853	1852	1854	1023	1853	1021	1855	1853	1023	983	41	12	34	13	38	28	0	25	26	14	21	37	31	11	1855	1855	1851	1853	2387	1029	815	1022	853	1000	1035	1025	6171	5930	5863	6125	6048	5799	6080	5586	5668	5672	5667	5856	5915	5672	5571	5591	5691	5961	5966	5987	5696	6097	5601	5842	5621	5587	5580	5598	5738	5950	5748	5921	5993	5980	5599	5556	5988	5589	5714	5744	5766	5936	6036	6069	5917	5918
ARL08-428.snps.consensus.subs.fa	5782	5835	5825	5843	5944	5696	6055	6055	5949	6044	5906	1513	1375	947	976	17	26	17	14	12	20	19	17	23	14	25	26	21	20	20	18	1833	1846	1835	1841	1006	1840	1004	1842	1846	1004	966	26	27	23	26	17	17	25	0	23	27	36	16	18	34	1838	1838	1838	1840	2381	1016	804	1005	842	983	1018	1012	6165	5921	5847	6108	6041	5783	6064	5570	5659	5663	5658	5840	5906	5663	5556	5575	5681	5954	5949	5978	5686	6082	5585	5822	5601	5572	5565	5582	5729	5944	5732	5914	5984	5971	5579	5536	5971	5570	5699	5728	5757	5927	6029	6057	5910	5911
ARL08-43.snps.consensus.subs.fa	5783	5832	5830	5850	5945	5697	6060	6060	5950	6053	5915	1512	1371	943	973	24	37	24	21	25	37	28	12	34	21	46	35	30	39	35	27	1834	1847	1836	1840	1001	1839	1001	1843	1847	1001	961	31	32	32	29	24	20	26	23	0	30	33	27	29	31	1833	1837	1837	1839	2382	1013	799	1003	839	980	1015	1009	6167	5935	5844	6109	6048	5784	6060	5579	5669	5675	5672	5841	5919	5677	5550	5582	5694	5957	5950	5991	5699	6095	5596	5833	5604	5566	5559	5589	5742	5950	5735	5921	5993	5984	5582	5539	5972	5577	5699	5729	5770	5936	6036	6061	5913	5918
ARL08-46.snps.consensus.subs.fa	5803	5856	5830	5848	5960	5711	6059	6059	5965	6048	5916	1522	1390	962	993	32	29	26	31	31	29	30	40	30	37	25	33	38	29	23	15	1847	1856	1855	1857	1028	1856	1026	1858	1856	1026	988	41	10	30	3	34	34	14	27	30	0	11	40	31	17	1854	1858	1854	1854	2387	1034	821	1027	859	1005	1040	1030	6167	5926	5868	6124	6044	5803	6079	5578	5666	5670	5665	5861	5911	5670	5575	5583	5684	5957	5965	5983	5689	6095	5593	5832	5615	5591	5584	5590	5734	5946	5752	5917	5989	5976	5593	5550	5987	5581	5718	5748	5764	5932	6032	6066	5913	5914
ARL08-477.snps.consensus.subs.fa	5807	5856	5830	5850	5965	5715	6060	6060	5970	6053	5921	1524	1394	959	996	41	36	33	34	42	36	35	41	39	42	36	42	41	30	34	22	1850	1855	1854	1854	1028	1853	1028	1857	1855	1030	988	46	19	35	14	39	39	21	36	33	11	0	47	36	22	1851	1855	1851	1853	2389	1036	821	1028	861	1007	1042	1032	6167	5930	5868	6129	6048	5806	6078	5579	5666	5672	5669	5865	5915	5674	5574	5582	5688	5957	5970	5986	5693	6101	5596	5837	5618	5590	5583	5589	5737	5950	5755	5921	5992	5979	5596	5553	5992	5584	5721	5751	5768	5931	6036	6065	5913	5918
ARL08-484.snps.consensus.subs.fa	5785	5838	5824	5842	5935	5700	6054	6054	5940	6043	5905	1515	1378	952	982	21	29	22	15	15	28	18	19	26	18	25	29	27	31	23	29	1831	1844	1833	1837	1010	1838	1008	1840	1844	1010	970	27	35	22	39	18	17	37	16	27	40	47	0	17	44	1836	1836	1836	1836	2382	1022	806	1008	846	987	1024	1016	6165	5921	5850	6099	6040	5786	6063	5581	5660	5664	5659	5843	5905	5664	5560	5586	5692	5953	5940	5977	5697	6082	5596	5833	5604	5576	5569	5593	5728	5943	5736	5913	5983	5970	5582	5539	5962	5577	5702	5731	5757	5926	6028	6064	5909	5910
ARL08-552.snps.consensus.subs.fa	5785	5838	5831	5849	5945	5696	6061	6061	5950	6050	5915	1508	1380	954	984	19	20	19	10	12	24	9	19	21	20	30	20	25	28	14	18	1833	1840	1833	1837	1010	1838	1008	1840	1840	1012	970	24	27	17	30	15	21	31	18	29	31	36	17	0	38	1836	1836	1836	1836	2375	1022	802	1008	842	987	1024	1016	6171	5928	5850	6109	6047	5786	6064	5576	5667	5671	5666	5843	5912	5671	5561	5581	5683	5960	5950	5984	5688	6093	5591	5829	5599	5577	5570	5588	5735	5949	5737	5920	5990	5977	5577	5534	5972	5572	5702	5731	5764	5933	6035	6065	5916	5917
ARL08-67.snps.consensus.subs.fa	5802	5851	5837	5857	5969	5714	6066	6062	5974	6055	5927	1529	1387	963	994	31	30	35	44	40	32	37	33	33	38	23	32	29	26	28	26	1847	1854	1853	1855	1027	1856	1025	1856	1854	1027	987	50	19	43	20	47	37	11	34	31	17	22	44	38	0	1858	1858	1854	1852	2392	1033	820	1026	858	1004	1039	1029	6174	5937	5863	6133	6055	5806	6084	5591	5673	5679	5676	5860	5922	5681	5574	5594	5699	5964	5974	5994	5704	6106	5608	5848	5628	5590	5583	5601	5745	5957	5755	5928	6000	5987	5606	5563	5996	5596	5721	5751	5775	5939	6043	6073	5920	5925
ARL08-712.snps.consensus.subs.fa	6125	6177	6074	6094	6114	5974	6128	6127	6127	6120	6086	2259	1421	1583	1502	1840	1846	1839	1826	1836	1842	1835	1830	1847	1831	1857	1840	1844	1844	1846	1846	41	31	24	28	1340	23	1338	26	32	1342	1416	1838	1855	1839	1853	1833	1833	1855	1838	1833	1854	1851	1836	1836	1858	0	24	26	22	960	1356	1837	1411	1871	1364	1357	1350	6263	6294	6191	6383	6285	6254	6299	5849	6004	6009	6007	6189	6120	6012	5766	5852	5969	6197	6105	6158	5974	6230	5864	6054	5829	5782	5777	5855	5944	6061	5749	6162	6161	6151	5849	5862	6126	5850	6041	6235	6021	6125	6276	6305	6153	6157
ARL08-781.snps.consensus.subs.fa	6129	6183	6084	6104	6121	5987	6135	6134	6134	6127	6095	2263	1430	1588	1507	1840	1846	1839	1830	1836	1842	1835	1830	1847	1833	1857	1840	1844	1844	1846	1846	23	23	12	18	1343	11	1341	16	22	1345	1419	1842	1855	1843	1857	1837	1837	1855	1838	1837	1858	1855	1836	1836	1858	24	0	18	14	965	1359	1842	1416	1874	1367	1360	1353	6276	6302	6195	6388	6300	6265	6304	5861	6013	6018	6016	6192	6131	6021	5774	5864	5978	6210	6112	6172	5983	6243	5876	6064	5842	5790	5785	5867	5957	6075	5758	6173	6174	6164	5861	5874	6133	5862	6051	6243	6035	6138	6291	6310	6164	6170
ARL08-804.snps.consensus.subs.fa	6131	6185	6086	6106	6122	5988	6135	6134	6135	6127	6094	2265	1431	1588	1510	1840	1846	1835	1830	1836	1838	1835	1830	1843	1833	1853	1836	1840	1840	1842	1846	24	21	16	10	1348	13	1346	20	20	1350	1424	1838	1851	1839	1853	1837	1833	1851	1838	1837	1854	1851	1836	1836	1854	26	18	0	16	972	1360	1844	1417	1874	1372	1365	1354	6279	6306	6197	6389	6303	6265	6305	5861	6016	6021	6019	6194	6132	6024	5776	5864	5981	6214	6113	6171	5986	6245	5876	6069	5846	5792	5787	5867	5959	6078	5762	6177	6175	6165	5861	5874	6134	5866	6054	6245	6036	6139	6294	6311	6168	6174
ARL08-902.snps.consensus.subs.fa	6137	6191	6084	6104	6126	5988	6138	6137	6139	6130	6100	2266	1427	1584	1507	1840	1846	1837	1832	1834	1836	1835	1830	1845	1835	1851	1834	1840	1840	1840	1848	21	15	14	14	1345	9	1343	12	16	1347	1421	1840	1851	1841	1853	1839	1835	1853	1840	1839	1854	1853	1836	1836	1852	22	14	16	0	969	1357	1844	1418	1876	1369	1362	1351	6280	6304	6203	6390	6301	6268	6311	5861	6015	6020	6018	6200	6134	6023	5782	5864	5981	6211	6117	6173	5986	6244	5876	6065	5842	5798	5793	5867	5958	6077	5766	6176	6175	6165	5861	5874	6138	5862	6052	6246	6036	6139	6292	6317	6167	6171
ARL08-983.snps.consensus.subs.fa	6165	6212	5727	5747	5969	5951	5839	5840	5978	5836	5942	2899	2070	2376	2296	2379	2383	2383	2373	2378	2384	2376	2380	2385	2379	2388	2379	2381	2391	2376	2385	981	969	967	971	1985	970	1982	970	969	1984	2058	2384	2387	2380	2384	2379	2380	2387	2381	2382	2387	2389	2382	2375	2392	960	965	972	969	0	1997	2384	2016	2415	1962	2000	1992	6332	6184	6227	5994	6144	6276	6109	5948	5983	5987	5986	6226	5770	5991	5726	5947	5939	5908	5958	6281	5942	6134	5959	5906	5891	5755	5735	5950	6014	5978	5845	5870	6286	6272	5947	5958	5977	5944	5973	6261	6008	6244	6135	6109	5862	5871
ARL09-100.snps.consensus.subs.fa	5938	5985	5864	5884	6082	5813	6088	6085	6090	6077	6052	1835	1190	546	439	1019	1031	1017	1014	1018	1023	1021	1009	1027	1011	1035	1018	1017	1024	1024	1030	1358	1364	1360	1361	34	1357	34	1359	1364	22	108	1018	1035	1020	1032	1016	1011	1029	1016	1013	1034	1036	1022	1022	1033	1356	1359	1360	1357	1997	0	963	165	991	73	18	31	6287	6087	6004	6253	6171	5912	6195	5607	5897	5903	5900	6004	5976	5905	5671	5610	5804	6089	6086	6082	5809	6213	5622	5979	5586	5687	5681	5615	5808	6074	5650	6063	6083	6074	5608	5565	6110	5604	5864	5889	5932	6052	6163	6200	6055	6060
ARL09-1074a.snps.consensus.subs.fa	5873	5920	5805	5824	6032	5787	6016	6016	6033	6009	6005	1910	1361	842	870	793	816	809	798	806	802	800	795	805	798	821	806	797	818	810	813	1847	1840	1844	1848	950	1844	948	1848	1838	952	912	806	819	797	818	803	799	815	804	799	821	821	806	802	820	1837	1842	1844	1844	2384	963	0	1019	155	936	966	956	6125	5898	5933	6206	6005	5858	6144	5645	5762	5768	5765	5933	5890	5770	5643	5647	5779	5943	6033	5935	5783	6052	5661	5923	5672	5658	5653	5655	5695	5914	5700	5918	5935	5926	5647	5606	6059	5642	5800	5809	5847	5880	5993	6144	5911	5916
ARL09-1209.snps.consensus.subs.fa	5931	5978	5822	5842	6073	5775	6064	6063	6081	6056	6043	1805	1166	629	535	1006	1020	1010	1000	1007	1015	1009	999	1018	999	1028	1013	1010	1017	1017	1017	1416	1422	1418	1418	180	1414	177	1421	1426	177	258	1008	1026	1010	1025	1004	1001	1022	1005	1003	1027	1028	1008	1008	1026	1411	1416	1417	1418	2016	165	1019	0	1052	217	173	184	6270	6020	5997	6244	6156	5898	6187	5593	5855	5861	5858	5997	5932	5863	5628	5596	5771	6050	6076	6067	5776	6194	5608	5976	5584	5644	5638	5601	5793	6048	5615	6024	6070	6059	5594	5551	6100	5602	5810	5875	5901	6037	6148	6192	6016	6021
ARL09-1265.snps.consensus.subs.fa	5918	5965	5764	5783	6079	5761	5995	5997	6079	5988	6050	1875	1402	843	868	831	854	847	838	844	842	840	835	843	838	859	844	835	856	848	851	1877	1870	1874	1880	980	1876	976	1878	1868	980	927	846	857	837	856	843	839	853	842	839	859	861	846	842	858	1871	1874	1874	1876	2415	991	155	1052	0	964	994	984	6125	5888	5978	6239	5984	5881	6187	5617	5760	5766	5763	5978	5871	5767	5687	5619	5753	5921	6080	5932	5757	6057	5633	5888	5644	5702	5695	5628	5680	5914	5761	5895	5934	5925	5620	5579	6106	5615	5807	5834	5863	5877	5972	6187	5888	5893
ARL09-1374.snps.consensus.subs.fa	5967	6014	5822	5842	6102	5802	6047	6046	6110	6038	6072	1855	1212	584	473	984	998	988	979	985	994	986	976	996	978	1006	989	988	995	995	995	1370	1375	1368	1373	67	1369	63	1371	1376	61	141	987	1004	989	1003	983	980	1000	983	980	1005	1007	987	987	1004	1364	1367	1372	1369	1962	73	936	217	964	0	75	65	6290	6055	6033	6275	6129	5887	6214	5599	5873	5879	5876	6033	5944	5881	5631	5602	5793	6047	6107	6104	5798	6207	5614	5938	5576	5647	5641	5607	5765	6076	5640	6021	6105	6096	5600	5557	6131	5596	5839	5864	5907	6074	6121	6219	6013	6018
ARL09-146.snps.consensus.subs.fa	5935	5982	5866	5886	6079	5808	6085	6084	6087	6074	6049	1833	1197	556	447	1021	1033	1023	1016	1020	1029	1023	1011	1033	1013	1041	1024	1023	1030	1030	1032	1363	1369	1361	1366	36	1362	36	1364	1369	28	110	1024	1041	1026	1038	1018	1017	1035	1018	1015	1040	1042	1024	1024	1039	1357	1360	1365	1362	2000	18	966	173	994	75	0	37	6290	6090	6001	6249	6174	5912	6191	5602	5901	5907	5904	6001	5978	5909	5673	5605	5799	6092	6083	6085	5804	6216	5617	5982	5588	5689	5683	5610	5811	6077	5652	6066	6086	6077	5603	5567	6107	5606	5864	5889	5935	6055	6166	6196	6058	6063
ARL09-193.snps.consensus.subs.fa	5937	5984	5859	5879	6078	5810	6083	6082	6086	6074	6048	1833	1188	544	435	1013	1027	1013	1008	1014	1019	1015	1005	1021	1007	1031	1014	1013	1020	1020	1024	1352	1358	1354	1355	31	1351	29	1353	1358	23	103	1012	1029	1014	1028	1012	1005	1025	1012	1009	1030	1032	1016	1016	1029	1350	1353	1354	1351	1992	31	956	184	984	65	37	0	6286	6082	6003	6247	6167	5906	6189	5604	5894	5900	5897	6003	5971	5902	5670	5607	5801	6084	6083	6079	5806	6209	5619	5976	5583	5686	5680	5612	5804	6072	5647	6058	6080	6071	5605	5562	6107	5601	5860	5883	5928	6049	6159	6194	6050	6055
IV28.snps.consensus.subs.fa	3338	3288	2964	2961	2963	3216	2890	2905	2975	2907	2991	6220	6007	6116	6165	6166	6174	6174	6168	6172	6162	6168	6167	6172	6168	6164	6172	6166	6166	6175	6166	6281	6276	6278	6283	6277	6279	6277	6281	6275	6278	6252	6174	6170	6166	6166	6171	6173	6171	6165	6167	6167	6167	6165	6171	6174	6263	6276	6279	6280	6332	6287	6125	6270	6125	6290	6290	6286	0	2873	3287	3247	2240	3081	2932	3272	2769	2762	2777	3305	2877	2772	3239	3281	3255	2399	2990	2256	3254	2320	3292	3448	3257	3215	3243	3295	2471	1124	3291	2435	2258	2241	3293	3349	2969	3286	3102	3081	2748	2306	2252	2941	2429	2438
TV104.snps.consensus.subs.fa	2864	2848	1272	1257	2652	2919	1311	1327	2672	1337	2671	6139	6038	5876	5941	5922	5932	5932	5923	5929	5919	5928	5933	5928	5925	5920	5934	5927	5927	5931	5924	6305	6301	6303	6309	6081	6304	6078	6308	6300	6078	6053	5931	5928	5922	5925	5928	5928	5930	5921	5935	5926	5930	5921	5928	5937	6294	6302	6306	6304	6184	6087	5898	6020	5888	6055	6090	6082	2873	0	2851	2583	1607	2494	2534	2939	1356	1352	1352	2853	1174	1353	3095	2929	2965	1719	2691	2322	2971	2145	2951	2924	2916	3079	3099	2968	2189	2854	2933	1777	2330	2319	2959	2877	2669	2939	2719	2481	1335	2351	1633	2534	1784	1776
TV10.snps.consensus.subs.fa	111	68	3064	3047	1919	2526	3159	3163	1922	3157	1973	5962	5830	5897	5892	5849	5858	5852	5843	5849	5856	5851	5841	5857	5840	5866	5851	5850	5854	5857	5861	6206	6210	6199	6203	5992	6198	5990	6204	6207	5994	5997	5847	5868	5853	5866	5847	5842	5863	5847	5844	5868	5868	5850	5850	5863	6191	6195	6197	6203	6227	6004	5933	5997	5978	6033	6001	6003	3287	2851	0	2507	2778	2169	2199	2628	2896	2889	2904	35	2915	2892	3309	2610	2589	2944	1917	2575	2585	2993	2630	3042	2631	3311	3312	2634	2662	3281	2614	3006	2571	2566	2621	2551	1896	2624	2822	2222	2796	2611	2808	2213	3011	3010
TV111.snps.consensus.subs.fa	2538	2526	2606	2603	1883	2976	2641	2649	1897	2641	1924	6419	6365	6141	6155	6113	6119	6109	6102	6107	6118	6110	6109	6119	6104	6119	6115	6119	6121	6116	6118	6396	6399	6391	6391	6240	6388	6239	6394	6399	6243	6244	6108	6125	6111	6122	6105	6106	6125	6108	6109	6124	6129	6099	6109	6133	6383	6388	6389	6390	5994	6253	6206	6244	6239	6275	6249	6247	3247	2583	2507	0	2854	2389	1317	3104	2671	2669	2676	2512	2616	2669	3494	3088	3005	2738	1889	3014	3006	2995	3084	3032	3045	3505	3491	3084	3151	3155	3215	2776	3020	3021	3083	3011	1877	3091	2501	2361	2654	3055	2872	1315	2779	2776
TV118.snps.consensus.subs.fa	2828	2794	1701	1684	2336	2702	1728	1755	2345	1759	2367	6244	6051	6026	6050	6042	6052	6050	6043	6049	6038	6043	6048	6048	6044	6040	6050	6047	6047	6051	6042	6305	6298	6300	6307	6162	6300	6160	6305	6297	6162	6141	6050	6046	6041	6043	6047	6048	6048	6041	6048	6044	6048	6040	6047	6055	6285	6300	6303	6301	6144	6171	6005	6156	5984	6129	6174	6167	2240	1607	2778	2854	0	2534	2431	2961	1823	1827	1834	2798	1556	1829	2949	2963	2735	644	2358	1889	2741	1672	2971	2768	2931	2944	2947	2981	1960	2231	2593	711	1885	1883	2983	3027	2335	2968	2980	2538	1760	1901	60	2424	717	713
TV123.snps.consensus.subs.fa	2187	2176	2740	2721	1873	2580	2957	2980	1887	2979	1907	6001	5896	5823	5774	5785	5795	5788	5779	5785	5791	5786	5781	5797	5775	5806	5793	5791	5796	5794	5797	6274	6274	6268	6270	5898	6265	5897	6269	6274	5901	5894	5784	5804	5789	5802	5783	5778	5799	5783	5784	5803	5806	5786	5786	5806	6254	6265	6265	6268	6276	5912	5858	5898	5881	5887	5912	5906	3081	2494	2169	2389	2534	0	1843	2622	2454	2451	2458	2176	2630	2452	3291	2621	2642	2512	1904	2717	2653	2726	2630	3022	2609	3290	3299	2664	2631	3180	2732	2585	2718	2724	2620	2635	1871	2611	1505	91	2358	2769	2551	1862	2585	2583
TV125.snps.consensus.subs.fa	2239	2208	2818	2818	1102	2818	2649	2662	1127	2662	1156	6282	6104	6150	6101	6068	6074	6064	6057	6062	6071	6065	6060	6074	6059	6083	6068	6070	6072	6071	6073	6314	6318	6308	6311	6181	6307	6180	6311	6315	6184	6186	6065	6080	6067	6077	6061	6061	6080	6064	6060	6079	6078	6063	6064	6084	6299	6304	6305	6311	6109	6195	6144	6187	6187	6214	6191	6189	2932	2534	2199	1317	2431	1843	0	2855	2645	2640	2654	2205	2687	2645	3408	2855	2876	2480	1149	2526	2880	2574	2853	2926	2798	3398	3420	2868	2690	2871	2783	2555	2533	2526	2845	2861	1112	2854	2335	1867	2507	2571	2469	68	2555	2553
TV12.snps.consensus.subs.fa	2651	2638	2959	2962	2896	1648	3170	3182	2909	3199	2909	5664	5591	5590	5594	5585	5584	5577	5569	5575	5578	5575	5576	5587	5574	5585	5580	5587	5570	5584	5573	5868	5865	5861	5863	5594	5858	5593	5867	5870	5596	5617	5576	5582	5579	5577	5572	5579	5586	5570	5579	5578	5579	5581	5576	5591	5849	5861	5861	5861	5948	5607	5645	5593	5617	5599	5602	5604	3272	2939	2628	3104	2961	2622	2855	0	2570	2569	2574	2634	2883	2572	2785	42	1684	2940	2927	2612	1691	3005	54	1518	222	2778	2792	83	2378	3232	2138	2981	2615	2612	61	135	2898	76	2936	2637	2556	2653	2989	2872	2979	2981
TV137.snps.consensus.subs.fa	2862	2896	1489	1512	2662	2708	1745	1761	2635	1784	2632	5840	5901	5712	5770	5661	5675	5670	5662	5667	5659	5667	5667	5667	5665	5658	5670	5661	5665	5669	5663	6016	6011	6014	6020	5890	6015	5888	6017	6011	5888	5862	5669	5667	5661	5663	5666	5668	5668	5659	5669	5666	5666	5660	5667	5673	6004	6013	6016	6015	5983	5897	5762	5855	5760	5873	5901	5894	2769	1356	2896	2671	1823	2454	2645	2570	0	29	15	2898	1538	28	3215	2558	2694	1880	2642	2467	2702	2354	2576	2674	2539	3243	3213	2587	2109	2851	2949	1826	2474	2477	2588	2501	2659	2573	2764	2405	223	2459	1804	2603	1823	1829
TV138.snps.consensus.subs.fa	2857	2887	1477	1498	2656	2701	1749	1767	2631	1766	2628	5844	5907	5718	5776	5665	5679	5674	5666	5671	5663	5671	5673	5671	5669	5662	5676	5667	5671	5673	5667	6021	6016	6019	6025	5896	6020	5894	6022	6016	5894	5868	5673	5671	5665	5667	5670	5672	5672	5663	5675	5670	5672	5664	5671	5679	6009	6018	6021	6020	5987	5903	5768	5861	5766	5879	5907	5900	2762	1352	2889	2669	1827	2451	2640	2569	29	0	34	2891	1521	21	3209	2571	2693	1881	2632	2476	2695	2342	2573	2667	2534	3250	3207	2588	2100	2844	2946	1827	2481	2474	2587	2500	2657	2576	2760	2400	222	2472	1800	2610	1832	1834
TV139.snps.consensus.subs.fa	2857	2900	1494	1515	2662	2708	1754	1770	2630	1787	2632	5842	5905	5715	5773	5660	5674	5669	5661	5666	5658	5666	5670	5666	5664	5657	5671	5664	5668	5668	5662	6019	6014	6017	6023	5893	6018	5891	6020	6014	5891	5865	5668	5666	5660	5662	5665	5667	5667	5658	5672	5665	5669	5659	5666	5676	6007	6016	6019	6018	5986	5900	5765	5858	5763	5876	5904	5897	2777	1352	2904	2676	1834	2458	2654	2574	15	34	0	2898	1541	33	3226	2564	2696	1891	2637	2472	2706	2357	2580	2674	2545	3252	3220	2597	2114	2852	2952	1825	2477	2480	2592	2505	2654	2567	2768	2403	228	2466	1809	2614	1832	1834
TV14.snps.consensus.subs.fa	110	73	3070	3053	1907	2521	3161	3159	1934	3147	1966	5962	5829	5897	5892	5842	5851	5845	5836	5842	5849	5844	5838	5850	5833	5859	5846	5847	5851	5850	5854	6203	6207	6196	6200	5992	6195	5990	6201	6204	5994	5997	5840	5861	5846	5859	5840	5835	5856	5840	5841	5861	5865	5843	5843	5860	6189	6192	6194	6200	6226	6004	5933	5997	5978	6033	6001	6003	3305	2853	35	2512	2798	2176	2205	2634	2898	2891	2898	0	2923	2886	3315	2616	2589	2952	1927	2579	2589	3006	2634	3044	2639	3315	3324	2644	2673	3284	2609	3011	2580	2577	2627	2553	1894	2626	2809	2217	2794	2620	2822	2224	3018	3013
TV15.snps.consensus.subs.fa	2904	2916	445	426	2741	2627	979	1003	2743	995	2730	6095	5936	5873	5855	5907	5917	5917	5908	5913	5903	5912	5917	5913	5909	5905	5919	5911	5911	5916	5909	6136	6131	6133	6138	5967	6133	5965	6136	6128	5967	5942	5914	5913	5906	5910	5912	5913	5915	5906	5919	5911	5915	5905	5912	5922	6120	6131	6132	6134	5770	5976	5890	5932	5871	5944	5978	5971	2877	1174	2915	2616	1556	2630	2687	2883	1538	1521	1541	2923	0	1526	3048	2892	2644	1608	2744	2445	2651	2188	2901	2818	2809	3077	3046	2913	2241	2633	2732	1645	2450	2434	2906	2817	2739	2892	2776	2619	1426	2436	1571	2677	1647	1645
TV162.snps.consensus.subs.fa	2854	2892	1482	1499	2657	2698	1751	1767	2632	1768	2627	5847	5910	5720	5778	5665	5679	5674	5666	5671	5663	5671	5675	5671	5669	5662	5676	5669	5673	5673	5667	6024	6019	6022	6028	5898	6023	5896	6025	6019	5896	5870	5673	5671	5665	5667	5670	5672	5672	5663	5677	5670	5674	5664	5671	5681	6012	6021	6024	6023	5991	5905	5770	5863	5767	5881	5909	5902	2772	1353	2892	2669	1829	2452	2645	2572	28	21	33	2886	1526	0	3212	2570	2694	1878	2633	2478	2696	2345	2574	2664	2537	3253	3208	2591	2100	2844	2943	1832	2481	2480	2586	2499	2654	2573	2761	2399	225	2470	1806	2619	1831	1833
TV18.snps.consensus.subs.fa	3276	3299	3099	3119	3311	2812	3098	3113	3282	3115	3297	5974	5655	5635	5626	5559	5568	5561	5553	5558	5564	5559	5548	5571	5548	5578	5562	5560	5565	5567	5570	5781	5790	5774	5781	5660	5779	5660	5784	5788	5663	5617	5555	5577	5563	5574	5556	5553	5571	5556	5550	5575	5574	5560	5561	5574	5766	5774	5776	5782	5726	5671	5643	5628	5687	5631	5673	5670	3239	3095	3309	3494	2949	3291	3408	2785	3215	3209	3226	3315	3048	3212	0	2782	2867	2845	3298	2971	2878	3169	2784	2915	2705	93	34	2818	2812	2999	1668	2859	2978	2981	2779	2773	3321	2770	2923	3266	3135	3009	2976	3418	2857	2856
TV20.snps.consensus.subs.fa	2633	2616	2954	2957	2890	1638	3165	3177	2897	3200	2913	5665	5594	5593	5597	5590	5589	5582	5574	5580	5583	5580	5579	5592	5579	5590	5583	5590	5573	5589	5578	5871	5868	5864	5866	5597	5861	5596	5870	5873	5599	5620	5581	5587	5584	5582	5577	5584	5591	5575	5582	5583	5582	5586	5581	5594	5852	5864	5864	5864	5947	5610	5647	5596	5619	5602	5605	5607	3281	2929	2610	3088	2963	2621	2855	42	2558	2571	2564	2616	2892	2570	2782	0	1674	2938	2917	2604	1687	3011	48	1505	212	2774	2791	70	2378	3233	2132	2985	2607	2612	61	133	2888	64	2935	2634	2551	2647	2991	2852	2987	2987
TV21.snps.consensus.subs.fa	2606	2602	2711	2696	2841	114	2829	2845	2866	2836	2861	5542	5666	5713	5753	5684	5692	5688	5680	5685	5678	5683	5691	5686	5686	5690	5689	5687	5684	5689	5681	5982	5975	5980	5983	5788	5978	5789	5983	5977	5794	5782	5687	5687	5678	5682	5683	5690	5691	5681	5694	5684	5688	5692	5683	5699	5969	5978	5981	5981	5939	5804	5779	5771	5753	5793	5799	5801	3255	2965	2589	3005	2735	2642	2876	1684	2694	2693	2696	2589	2644	2694	2867	1674	0	2733	2851	2678	32	2986	1687	2042	1706	2851	2867	1674	2532	3134	2225	2764	2680	2680	1693	1759	2823	1687	2775	2619	2746	2664	2712	2866	2766	2767
TV41.snps.consensus.subs.fa	2970	2946	1669	1669	2428	2691	1778	1806	2444	1818	2455	6238	6089	5927	5968	5955	5965	5963	5956	5961	5951	5956	5957	5961	5957	5953	5961	5955	5955	5964	5955	6215	6208	6210	6217	6079	6210	6077	6215	6207	6080	6059	5963	5958	5954	5956	5960	5961	5961	5954	5957	5957	5957	5953	5960	5964	6197	6210	6214	6211	5908	6089	5943	6050	5921	6047	6092	6084	2399	1719	2944	2738	644	2512	2480	2940	1880	1881	1891	2952	1608	1878	2845	2938	2733	0	2463	2114	2747	1890	2948	2865	2903	2847	2845	2969	1978	2277	2668	129	2112	2123	2963	3005	2435	2945	2851	2503	1822	2107	652	2483	124	128
TV42.snps.consensus.subs.fa	1897	1933	2859	2874	107	2811	2811	2829	59	2824	112	6091	5936	6033	5986	5954	5961	5950	5943	5948	5959	5951	5950	5960	5945	5960	5956	5960	5962	5957	5959	6122	6124	6114	6119	6074	6113	6073	6119	6121	6076	6078	5950	5966	5953	5963	5947	5947	5966	5949	5950	5965	5970	5940	5950	5974	6105	6112	6113	6117	5958	6086	6033	6076	6080	6107	6083	6083	2990	2691	1917	1889	2358	1904	1149	2927	2642	2632	2637	1927	2744	2633	3298	2917	2851	2463	0	2472	2849	2616	2914	2985	2831	3348	3300	2932	2618	2996	2769	2474	2477	2477	2906	2932	53	2907	2504	1921	2473	2525	2389	1126	2480	2471
TV43.snps.consensus.subs.fa	2609	2569	2545	2545	2437	2627	2570	2594	2453	2592	2474	6077	5873	5950	5999	5979	5988	5989	5979	5986	5975	5985	5989	5985	5981	5977	5991	5984	5984	5989	5981	6177	6171	6173	6179	6071	6173	6069	6179	6167	6072	6075	5987	5985	5978	5982	5984	5985	5987	5978	5991	5983	5986	5977	5984	5994	6158	6172	6171	6173	6281	6082	5935	6067	5932	6104	6085	6079	2256	2322	2575	3014	1889	2717	2526	2612	2467	2476	2472	2579	2445	2478	2971	2604	2678	2114	2472	0	2692	2069	2619	2727	2593	2947	2986	2633	555	2480	2462	2184	37	47	2632	2686	2442	2611	3271	2714	2406	114	1904	2532	2192	2185
TV44.snps.consensus.subs.fa	2606	2608	2720	2701	2843	124	2837	2847	2870	2836	2863	5546	5668	5717	5757	5689	5697	5693	5685	5690	5683	5688	5696	5691	5691	5695	5694	5692	5689	5694	5686	5987	5980	5985	5988	5792	5983	5793	5988	5982	5799	5787	5692	5692	5683	5687	5688	5695	5696	5686	5699	5689	5693	5697	5688	5704	5974	5983	5986	5986	5942	5809	5783	5776	5757	5798	5804	5806	3254	2971	2585	3006	2741	2653	2880	1691	2702	2695	2706	2589	2651	2696	2878	1687	32	2747	2849	2692	0	2982	1690	2046	1721	2868	2870	1681	2540	3143	2227	2770	2694	2684	1688	1770	2833	1702	2786	2626	2756	2682	2714	2870	2764	2769
TV45.snps.consensus.subs.fa	3034	2988	2276	2264	2590	2942	2077	2086	2608	2073	2608	6264	5995	6053	6081	6096	6104	6093	6085	6090	6093	6094	6093	6102	6087	6087	6099	6100	6092	6098	6089	6253	6253	6243	6250	6204	6243	6204	6247	6250	6204	6184	6091	6095	6095	6092	6088	6090	6097	6082	6095	6095	6101	6082	6093	6106	6230	6243	6245	6244	6134	6213	6052	6194	6057	6207	6216	6209	2320	2145	2993	2995	1672	2726	2574	3005	2354	2342	2357	3006	2188	2345	3169	3011	2986	1890	2616	2069	2982	0	3010	2791	2991	3161	3159	3007	2244	2437	2742	1945	2080	2073	3017	3065	2605	3020	2846	2763	2306	2092	1715	2581	1946	1940
TV47.snps.consensus.subs.fa	2644	2636	2967	2969	2894	1652	3181	3195	2900	3210	2914	5689	5611	5610	5609	5600	5599	5592	5584	5590	5593	5590	5593	5602	5589	5600	5595	5604	5587	5599	5588	5883	5880	5876	5878	5609	5873	5608	5882	5885	5611	5632	5591	5597	5594	5592	5587	5594	5601	5585	5596	5593	5596	5596	5591	5608	5864	5876	5876	5876	5959	5622	5661	5608	5633	5614	5617	5619	3292	2951	2630	3084	2971	2630	2853	54	2576	2573	2580	2634	2901	2574	2784	48	1687	2948	2914	2619	1690	3010	0	1498	194	2784	2780	66	2377	3244	2121	2990	2620	2627	46	125	2894	72	2934	2639	2555	2663	2997	2850	2992	2986
TV48.snps.consensus.subs.fa	3069	3051	2846	2831	2954	1999	2992	3010	2965	3007	2983	5849	5833	5915	5945	5837	5836	5830	5822	5826	5830	5828	5831	5839	5827	5839	5831	5842	5828	5835	5829	6073	6075	6066	6071	5968	6067	5967	6068	6075	5968	5978	5829	5837	5832	5831	5825	5832	5842	5822	5833	5832	5837	5833	5829	5848	6054	6064	6069	6065	5906	5979	5923	5976	5888	5938	5982	5976	3448	2924	3042	3032	2768	3022	2926	1518	2674	2667	2674	3044	2818	2664	2915	1505	2042	2865	2985	2727	2046	2791	1498	0	1569	2927	2916	1537	2502	3429	2308	2894	2727	2726	1510	1569	2963	1495	3016	2993	2694	2747	2785	2936	2901	2898
TV49.snps.consensus.subs.fa	2648	2639	2879	2883	2815	1661	3097	3124	2811	3131	2845	5703	5585	5608	5573	5608	5607	5600	5592	5598	5609	5598	5601	5610	5597	5622	5603	5614	5609	5607	5610	5853	5850	5842	5848	5573	5843	5572	5846	5851	5575	5596	5599	5619	5602	5614	5595	5602	5621	5601	5604	5615	5618	5604	5599	5628	5829	5842	5846	5842	5891	5586	5672	5584	5644	5576	5588	5583	3257	2916	2631	3045	2931	2609	2798	222	2539	2534	2545	2639	2809	2537	2705	212	1706	2903	2831	2593	1721	2991	194	1569	0	2715	2714	234	2356	3205	2112	2944	2600	2601	204	265	2807	200	2909	2627	2466	2635	2956	2803	2948	2942
TV4.snps.consensus.subs.fa	3323	3301	3144	3144	3305	2795	3129	3145	3325	3152	3339	5998	5671	5656	5642	5575	5584	5577	5569	5574	5580	5575	5564	5587	5564	5594	5578	5576	5581	5583	5586	5797	5806	5790	5797	5676	5795	5676	5800	5804	5679	5633	5571	5593	5579	5590	5572	5569	5587	5572	5566	5591	5590	5576	5577	5590	5782	5790	5792	5798	5755	5687	5658	5644	5702	5647	5689	5686	3215	3079	3311	3505	2944	3290	3398	2778	3243	3250	3252	3315	3077	3253	93	2774	2851	2847	3348	2947	2868	3161	2784	2927	2715	0	107	2811	2807	2990	1664	2905	2953	2943	2779	2784	3318	2765	2968	3258	3172	2995	2973	3423	2909	2908
TV52.snps.consensus.subs.fa	3290	3312	3099	3119	3330	2822	3100	3121	3299	3123	3312	5982	5666	5644	5636	5568	5577	5570	5562	5567	5573	5568	5557	5580	5557	5587	5571	5569	5574	5576	5579	5792	5801	5785	5792	5670	5790	5670	5795	5799	5673	5627	5564	5586	5572	5583	5565	5562	5580	5565	5559	5584	5583	5569	5570	5583	5777	5785	5787	5793	5735	5681	5653	5638	5695	5641	5683	5680	3243	3099	3312	3491	2947	3299	3420	2792	3213	3207	3220	3324	3046	3208	34	2791	2867	2845	3300	2986	2870	3159	2780	2916	2714	107	0	2815	2805	3008	1674	2850	2989	2986	2778	2782	3334	2781	2930	3266	3138	3013	2970	3410	2850	2851
TV54.snps.consensus.subs.fa	2653	2640	2982	2987	2918	1667	3200	3213	2925	3222	2936	5667	5598	5592	5600	5597	5596	5589	5581	5587	5590	5587	5586	5599	5586	5597	5590	5597	5580	5596	5585	5874	5871	5867	5869	5602	5864	5601	5873	5876	5604	5625	5588	5594	5591	5589	5584	5591	5598	5582	5589	5590	5589	5593	5588	5601	5855	5867	5867	5867	5950	5615	5655	5601	5628	5607	5610	5612	3295	2968	2634	3084	2981	2664	2868	83	2587	2588	2597	2644	2913	2591	2818	70	1674	2969	2932	2633	1681	3007	66	1537	234	2811	2815	0	2398	3265	2152	3005	2634	2638	84	160	2909	108	2971	2677	2574	2662	3006	2866	3003	3001
TV55.snps.consensus.subs.fa	2677	2661	2215	2212	2585	2478	2407	2425	2598	2434	2619	5912	5747	5646	5695	5730	5739	5740	5730	5737	5726	5736	5740	5736	5732	5728	5742	5735	5735	5740	5732	5962	5954	5958	5964	5797	5958	5795	5964	5952	5798	5801	5738	5736	5729	5733	5735	5736	5738	5729	5742	5734	5737	5728	5735	5745	5944	5957	5959	5958	6014	5808	5695	5793	5680	5765	5811	5804	2471	2189	2662	3151	1960	2631	2690	2378	2109	2100	2114	2673	2241	2100	2812	2378	2532	1978	2618	555	2540	2244	2377	2502	2356	2807	2805	2398	0	2480	2374	2008	575	565	2394	2455	2595	2377	3141	2598	2149	614	1968	2704	2010	2001
TV56.snps.consensus.subs.fa	3292	3269	2760	2756	2949	3084	2673	2692	2973	2687	2977	6040	5846	5912	5961	5944	5953	5953	5946	5951	5941	5946	5950	5950	5947	5943	5953	5949	5949	5954	5944	6080	6073	6075	6082	6064	6076	6062	6080	6072	6065	6039	5952	5948	5944	5945	5950	5951	5950	5944	5950	5946	5950	5943	5949	5957	6061	6075	6078	6077	5978	6074	5914	6048	5914	6076	6077	6072	1124	2854	3281	3155	2231	3180	2871	3232	2851	2844	2852	3284	2633	2844	2999	3233	3134	2277	2996	2480	3143	2437	3244	3429	3205	2990	3008	3265	2480	0	3113	2316	2488	2485	3252	3286	2974	3230	2878	3150	2818	2519	2234	2880	2313	2313
TV57.snps.consensus.subs.fa	2621	2604	2890	2870	2723	2166	3092	3105	2751	3112	2761	5977	5529	5700	5648	5735	5744	5737	5729	5734	5740	5739	5732	5747	5724	5754	5744	5740	5745	5744	5747	5771	5774	5762	5768	5638	5763	5637	5766	5770	5639	5645	5732	5754	5739	5751	5732	5729	5748	5732	5735	5752	5755	5736	5737	5755	5749	5758	5762	5766	5845	5650	5700	5615	5761	5640	5652	5647	3291	2933	2614	3215	2593	2732	2783	2138	2949	2946	2952	2609	2732	2943	1668	2132	2225	2668	2769	2462	2227	2742	2121	2308	2112	1664	1674	2152	2374	3113	0	2728	2471	2473	2112	2127	2736	2120	3062	2753	2807	2514	2621	2808	2728	2717
TV58.snps.consensus.subs.fa	2980	3014	1636	1658	2502	2732	1800	1829	2476	1830	2477	6218	6071	5900	5941	5915	5925	5923	5916	5921	5911	5916	5921	5921	5917	5913	5923	5919	5919	5924	5915	6178	6173	6175	6180	6053	6175	6051	6178	6172	6054	6033	5923	5918	5914	5916	5920	5921	5921	5914	5921	5917	5921	5913	5920	5928	6162	6173	6177	6176	5870	6063	5918	6024	5895	6021	6066	6058	2435	1777	3006	2776	711	2585	2555	2981	1826	1827	1825	3011	1645	1832	2859	2985	2764	129	2474	2184	2770	1945	2990	2894	2944	2905	2850	3005	2008	2316	2728	0	2182	2184	2999	3049	2504	2990	2868	2565	1836	2182	711	2530	23	15
TV71.snps.consensus.subs.fa	2624	2584	2550	2546	2450	2634	2581	2609	2462	2605	2487	6077	5875	5952	6001	5985	5994	5995	5985	5992	5981	5987	5991	5991	5987	5983	5993	5990	5990	5995	5987	6179	6173	6175	6181	6072	6175	6070	6181	6169	6073	6076	5993	5991	5984	5988	5990	5991	5993	5984	5993	5989	5992	5983	5990	6000	6161	6174	6175	6175	6286	6083	5935	6070	5934	6105	6086	6080	2258	2330	2571	3020	1885	2718	2533	2615	2474	2481	2477	2580	2450	2481	2978	2607	2680	2112	2477	37	2694	2080	2620	2727	2600	2953	2989	2634	575	2488	2471	2182	0	46	2633	2693	2449	2614	3285	2718	2414	118	1899	2539	2188	2187
TV73.snps.consensus.subs.fa	2615	2579	2544	2542	2439	2626	2577	2591	2458	2591	2471	6068	5866	5943	5992	5972	5981	5982	5972	5979	5968	5978	5982	5978	5974	5970	5984	5977	5977	5982	5974	6169	6163	6165	6171	6063	6165	6061	6171	6159	6064	6067	5980	5978	5971	5975	5977	5978	5980	5971	5984	5976	5979	5970	5977	5987	6151	6164	6165	6165	6272	6074	5926	6059	5925	6096	6077	6071	2241	2319	2566	3021	1883	2724	2526	2612	2477	2474	2480	2577	2434	2480	2981	2612	2680	2123	2477	47	2684	2073	2627	2726	2601	2943	2986	2638	565	2485	2473	2184	46	0	2630	2696	2456	2617	3282	2716	2408	122	1893	2541	2186	2189
TV75.snps.consensus.subs.fa	2640	2631	2975	2977	2885	1645	3186	3202	2889	3217	2921	5671	5592	5597	5595	5586	5585	5578	5570	5576	5587	5576	5579	5588	5575	5600	5581	5592	5587	5585	5588	5868	5865	5861	5863	5595	5858	5594	5867	5870	5597	5618	5577	5597	5580	5592	5573	5580	5599	5579	5582	5593	5596	5582	5577	5606	5849	5861	5861	5861	5947	5608	5647	5594	5620	5600	5603	5605	3293	2959	2621	3083	2983	2620	2845	61	2588	2587	2592	2627	2906	2586	2779	61	1693	2963	2906	2632	1688	3017	46	1510	204	2779	2778	84	2394	3252	2112	2999	2633	2630	0	100	2885	57	2929	2629	2567	2669	3009	2865	2995	2993
TV76.snps.consensus.subs.fa	2567	2557	2888	2892	2903	1710	3110	3122	2912	3129	2926	5652	5607	5553	5552	5543	5542	5535	5527	5533	5544	5533	5536	5545	5532	5557	5538	5549	5544	5542	5545	5881	5878	5874	5876	5552	5871	5551	5880	5883	5554	5575	5534	5554	5537	5549	5530	5537	5556	5536	5539	5550	5553	5539	5534	5563	5862	5874	5874	5874	5958	5565	5606	5551	5579	5557	5567	5562	3349	2877	2551	3011	3027	2635	2861	135	2501	2500	2505	2553	2817	2499	2773	133	1759	3005	2932	2686	1770	3065	125	1569	265	2784	2782	160	2455	3286	2127	3049	2693	2696	100	0	2904	120	2938	2650	2482	2728	3053	2885	3049	3045
TV77.snps.consensus.subs.fa	1923	1912	2886	2879	75	2775	2828	2850	72	2845	133	6116	5961	6057	6010	5976	5983	5972	5965	5970	5981	5973	5972	5982	5967	5982	5978	5982	5984	5979	5981	6143	6145	6135	6140	6098	6134	6097	6140	6142	6100	6102	5972	5988	5975	5985	5969	5969	5988	5971	5972	5987	5992	5962	5972	5996	6126	6133	6134	6138	5977	6110	6059	6100	6106	6131	6107	6107	2969	2669	1896	1877	2335	1871	1112	2898	2659	2657	2654	1894	2739	2654	3321	2888	2823	2435	53	2442	2833	2605	2894	2963	2807	3318	3334	2909	2595	2974	2736	2504	2449	2456	2885	2904	0	2876	2518	1893	2490	2496	2368	1122	2510	2499
TV78.snps.consensus.subs.fa	2632	2624	2959	2962	2877	1644	3182	3200	2883	3211	2913	5678	5592	5592	5591	5581	5580	5573	5565	5571	5578	5571	5574	5583	5570	5588	5576	5587	5575	5580	5576	5873	5870	5862	5868	5591	5863	5590	5868	5871	5593	5614	5572	5585	5575	5580	5568	5575	5589	5570	5577	5581	5584	5577	5572	5596	5850	5862	5866	5862	5944	5604	5642	5602	5615	5596	5606	5601	3286	2939	2624	3091	2968	2611	2854	76	2573	2576	2567	2626	2892	2573	2770	64	1687	2945	2907	2611	1702	3020	72	1495	200	2765	2781	108	2377	3230	2120	2990	2614	2617	57	120	2876	0	2927	2620	2554	2656	2998	2869	2992	2990
TV81.snps.consensus.subs.fa	2770	2808	2821	2824	2508	2722	2725	2735	2493	2737	2484	5866	5854	5732	5712	5701	5711	5705	5695	5701	5708	5702	5697	5713	5692	5722	5712	5707	5712	5710	5712	6060	6058	6052	6056	5852	6049	5851	6056	6060	5855	5813	5701	5720	5705	5718	5699	5694	5714	5699	5699	5718	5721	5702	5702	5721	6041	6051	6054	6052	5973	5864	5800	5810	5807	5839	5864	5860	3102	2719	2822	2501	2980	1505	2335	2936	2764	2760	2768	2809	2776	2761	2923	2935	2775	2851	2504	3271	2786	2846	2934	3016	2909	2968	2930	2971	3141	2878	3062	2868	3285	3282	2929	2938	2518	2927	0	1494	2715	3303	2994	2334	2871	2863
TV82.snps.consensus.subs.fa	2224	2215	2725	2713	1888	2551	2949	2970	1904	2965	1919	5945	5843	5772	5746	5730	5740	5733	5724	5730	5736	5731	5726	5742	5720	5751	5738	5736	5741	5739	5742	6252	6252	6246	6248	5875	6243	5874	6247	6254	5878	5870	5729	5749	5734	5747	5728	5723	5744	5728	5729	5748	5751	5731	5731	5751	6235	6243	6245	6246	6261	5889	5809	5875	5834	5864	5889	5883	3081	2481	2222	2361	2538	91	1867	2637	2405	2400	2403	2217	2619	2399	3266	2634	2619	2503	1921	2714	2626	2763	2639	2993	2627	3258	3266	2677	2598	3150	2753	2565	2718	2716	2629	2650	1893	2620	1494	0	2366	2761	2545	1885	2569	2563
TV83.snps.consensus.subs.fa	2755	2790	1503	1524	2495	2721	1628	1664	2464	1673	2463	5943	5914	5856	5823	5759	5773	5768	5760	5765	5756	5764	5768	5765	5762	5756	5770	5763	5767	5767	5761	6040	6033	6035	6042	5923	6035	5922	6040	6030	5923	5896	5766	5765	5758	5761	5763	5765	5766	5757	5770	5764	5768	5757	5764	5775	6021	6035	6036	6036	6008	5932	5847	5901	5863	5907	5935	5928	2748	1335	2796	2654	1760	2358	2507	2556	223	222	228	2794	1426	225	3135	2551	2746	1822	2473	2406	2756	2306	2555	2694	2466	3172	3138	2574	2149	2818	2807	1836	2414	2408	2567	2482	2490	2554	2715	2366	0	2433	1767	2473	1839	1835
TV92.snps.consensus.subs.fa	2659	2615	2526	2528	2480	2657	2588	2602	2509	2608	2523	6062	5863	5901	5950	5928	5937	5938	5928	5935	5924	5934	5934	5934	5930	5926	5938	5929	5929	5938	5930	6143	6137	6138	6145	6041	6139	6039	6145	6133	6042	6031	5936	5934	5927	5931	5933	5934	5936	5927	5936	5932	5931	5926	5933	5939	6125	6138	6139	6139	6244	6052	5880	6037	5877	6074	6055	6049	2306	2351	2611	3055	1901	2769	2571	2653	2459	2472	2466	2620	2436	2470	3009	2647	2664	2107	2525	114	2682	2092	2663	2747	2635	2995	3013	2662	614	2519	2514	2182	118	122	2669	2728	2496	2656	3303	2761	2433	0	1880	2580	2180	2179
TV97.snps.consensus.subs.fa	2859	2825	1707	1691	2365	2715	1757	1782	2374	1782	2396	6242	6063	6018	6042	6030	6040	6038	6031	6037	6026	6031	6036	6036	6032	6028	6038	6035	6035	6039	6030	6296	6289	6291	6298	6154	6291	6152	6296	6288	6154	6133	6038	6034	6029	6031	6035	6036	6036	6029	6036	6032	6036	6028	6035	6043	6276	6291	6294	6292	6135	6163	5993	6148	5972	6121	6166	6159	2252	1633	2808	2872	60	2551	2469	2989	1804	1800	1809	2822	1571	1806	2976	2991	2712	652	2389	1904	2714	1715	2997	2785	2956	2973	2970	3006	1968	2234	2621	711	1899	1893	3009	3053	2368	2998	2994	2545	1767	1880	0	2456	721	713
TV98.snps.consensus.subs.fa	2243	2234	2792	2792	1139	2857	2619	2644	1134	2648	1157	6283	6107	6151	6103	6069	6075	6065	6058	6063	6064	6066	6061	6075	6060	6070	6069	6069	6059	6072	6060	6320	6324	6314	6317	6186	6313	6185	6317	6321	6189	6191	6066	6067	6068	6064	6062	6062	6069	6057	6061	6066	6065	6064	6065	6073	6305	6310	6311	6317	6109	6200	6144	6192	6187	6219	6196	6194	2941	2534	2213	1315	2424	1862	68	2872	2603	2610	2614	2224	2677	2619	3418	2852	2866	2483	1126	2532	2870	2581	2850	2936	2803	3423	3410	2866	2704	2880	2808	2530	2539	2541	2865	2885	1122	2869	2334	1885	2473	2580	2456	0	2533	2533
VV11.snps.consensus.subs.fa	2985	3015	1634	1662	2506	2735	1800	1827	2482	1836	2481	6209	6062	5892	5933	5911	5921	5919	5912	5917	5907	5912	5913	5917	5913	5909	5917	5911	5911	5920	5911	6169	6164	6166	6171	6045	6166	6043	6169	6163	6046	6025	5919	5914	5910	5912	5916	5917	5917	5910	5913	5913	5913	5909	5916	5920	6153	6164	6168	6167	5862	6055	5911	6016	5888	6013	6058	6050	2429	1784	3011	2779	717	2585	2555	2979	1823	1832	1832	3018	1647	1831	2857	2987	2766	124	2480	2192	2764	1946	2992	2901	2948	2909	2850	3003	2010	2313	2728	23	2188	2186	2995	3049	2510	2992	2871	2569	1839	2180	721	2533	0	24
VV6.snps.consensus.subs.fa	2980	3018	1636	1660	2497	2732	1800	1825	2473	1832	2472	6217	6069	5897	5938	5912	5922	5920	5913	5918	5908	5913	5918	5918	5914	5910	5920	5916	5916	5921	5912	6175	6168	6170	6177	6050	6170	6048	6175	6167	6051	6030	5920	5915	5911	5913	5917	5918	5918	5911	5918	5914	5918	5910	5917	5925	6157	6170	6174	6171	5871	6060	5916	6021	5893	6018	6063	6055	2438	1776	3010	2776	713	2583	2553	2981	1829	1834	1834	3013	1645	1833	2856	2987	2767	128	2471	2185	2769	1940	2986	2898	2942	2908	2851	3001	2001	2313	2717	15	2187	2189	2993	3045	2499	2990	2863	2563	1835	2179	713	2533	24	0
